action,path,shape_ok,has_nan,has_inf,wrist_norm,mid_scale,global_min,global_max,mean,std,wrist_ok,mid_scale_ok
ok,./test/droh_real2d_wristnorm/ok/IMG_6289.npy,1,0,0,0.0,0.999997079372406,-0.4543204605579376,2.1103787422180176,0.6692015528678894,0.6177282929420471,1,1
ok,./test/droh_real2d_wristnorm/ok/IMG_6290.npy,1,0,0,0.0,0.999995231628418,-2.0389442443847656,0.8308722376823425,-0.6627122759819031,0.7117599844932556,1,1
ok,./test/droh_real2d_wristnorm/ok/IMG_6292.npy,1,0,0,0.0,0.9999958872795105,-2.181497097015381,1.0638399124145508,-0.24306882917881012,0.9369268417358398,1,1
ok,./test/droh_real2d_wristnorm/ok/IMG_6327.npy,1,0,0,0.0,0.9999953508377075,-1.9936681985855103,1.5234869718551636,-0.33820873498916626,0.8762819766998291,1,1
ok,./test/droh_real2d_wristnorm/ok/IMG_6329.npy,1,0,0,0.0,0.9999956488609314,-0.5930436849594116,1.905105710029602,0.6957307457923889,0.6204482913017273,1,1
ok,./test/droh_real2d_wristnorm/ok/IMG_6362.npy,1,0,0,0.0,0.9999953508377075,-0.06204865127801895,1.8794413805007935,0.7076049447059631,0.5287208557128906,1,1
ok,./test/droh_real2d_wristnorm/ok/IMG_6363.npy,1,0,0,0.0,0.9999956488609314,-1.7978317737579346,0.6351257562637329,-0.45703747868537903,0.7546296715736389,1,1
ok,./test/droh_real2d_wristnorm/ok/IMG_6396.npy,1,0,0,0.0,0.9999953508377075,-1.188933253288269,2.1558732986450195,0.14673854410648346,0.9512630105018616,1,1
ok,./test/droh_real2d_wristnorm/ok/IMG_6434.npy,1,0,0,0.0,0.9999946355819702,-1.7557998895645142,2.548072338104248,0.24025027453899384,1.1836247444152832,1,1
ok,./test/droh_real2d_wristnorm/ok/IMG_6437.npy,1,0,0,0.0,0.9999964237213135,-1.59511137008667,1.6305254697799683,-0.1187448725104332,0.8779011964797974,1,1
ok,./test/droh_real2d_wristnorm/ok/IMG_6472.npy,1,0,0,0.0,0.9999959468841553,-1.0982046127319336,2.0491862297058105,0.1533873826265335,0.9136137366294861,1,1
ok,./test/droh_real2d_wristnorm/ok/IMG_6474.npy,1,0,0,0.0,0.9999963641166687,-0.18224425613880157,2.227288007736206,0.6323176026344299,0.5431210994720459,1,1
ok,./test/droh_real2d_wristnorm/ok/IMG_6512.npy,1,0,0,0.0,0.999994695186615,-3.0477635860443115,0.7970949411392212,-0.8557456135749817,0.9395762085914612,1,1
ok,./test/droh_real2d_wristnorm/ok/IMG_6554.npy,1,0,0,0.0,0.9999940991401672,-2.2476255893707275,1.2275009155273438,-0.220432311296463,0.8864108920097351,1,1
ok,./test/droh_real2d_wristnorm/ok/IMG_6555.npy,1,0,0,0.0,0.9999966621398926,-0.06777437031269073,2.163614511489868,0.9070544242858887,0.5658750534057617,1,1
ok,./test/droh_real2d_wristnorm/ok/IMG_6591.npy,1,0,0,0.0,0.9999969005584717,-1.5644062757492065,1.1663480997085571,-0.39716997742652893,0.7788923382759094,1,1
ok,./test/droh_real2d_wristnorm/ok/IMG_6623.npy,1,0,0,0.0,0.9999942183494568,-2.441565990447998,2.190692186355591,-0.32434773445129395,1.0759499073028564,1,1
ok,./test/droh_real2d_wristnorm/ok/IMG_6624.npy,1,0,0,0.0,0.9999958276748657,-0.8869858384132385,1.829195499420166,0.7740084528923035,0.6960402727127075,1,1
ok,./test/droh_real2d_wristnorm/ok/IMG_6712.npy,1,0,0,0.0,0.9999955296516418,-2.4118027687072754,0.7707563042640686,-0.9131064414978027,0.8193618655204773,1,1
ok,./test/droh_real2d_wristnorm/ok/IMG_6714.npy,1,0,0,0.0,0.999995768070221,-2.4227874279022217,0.8454527854919434,-0.9298012852668762,0.8501132726669312,1,1
ok,./test/droh_real2d_wristnorm/ok/IMG_6738.npy,1,0,0,0.0,0.9999957084655762,-1.7676515579223633,0.08456654846668243,-0.7034934163093567,0.5048312544822693,1,1
ok,./test/droh_real2d_wristnorm/ok/IMG_6803.npy,1,0,0,0.0,0.9999940395355225,-2.437939167022705,0.23395083844661713,-0.836409866809845,0.7770828008651733,1,1
ok,./test/droh_real2d_wristnorm/ok/IMG_6805.npy,1,0,0,0.0,0.999995768070221,-2.0346877574920654,0.0,-0.8254916071891785,0.5229036808013916,1,1
ok,./test/droh_real2d_wristnorm/ok/IMG_6834.npy,1,0,0,0.0,0.9999959468841553,-0.4982341229915619,1.997218370437622,0.5230924487113953,0.6947609782218933,1,1
ok,./test/droh_real2d_wristnorm/ok/IMG_6835.npy,1,0,0,0.0,0.9999962449073792,-0.8901462554931641,1.9202219247817993,0.5608019232749939,0.7178929448127747,1,1
ok,./test/droh_real2d_wristnorm/ok/IMG_6937.npy,1,0,0,0.0,0.9999968409538269,-1.430166244506836,2.1406095027923584,0.33636873960494995,0.9793393015861511,1,1
ok,./test/droh_real2d_wristnorm/ok/IMG_6938.npy,1,0,0,0.0,0.9999962449073792,-2.2608397006988525,0.4655337333679199,-0.7172694802284241,0.7423561215400696,1,1
ok,./test/droh_real2d_wristnorm/ok/IMG_6967.npy,1,0,0,0.0,0.9999964237213135,-2.1589694023132324,1.1191824674606323,-0.51020747423172,0.8302752375602722,1,1
ok,./test/droh_real2d_wristnorm/ok/IMG_6968.npy,1,0,0,0.0,0.999992311000824,-2.395660161972046,2.550689458847046,0.18645040690898895,1.459867238998413,1,1
ok,./test/droh_real2d_wristnorm/ok/IMG_6969.npy,1,0,0,0.0,0.9999939203262329,-1.496673345565796,3.146914482116699,0.7897078990936279,1.2390165328979492,1,1
ok,./test/droh_real2d_wristnorm/ok/IMG_6970.npy,1,0,0,0.0,0.999995231628418,-2.0011250972747803,1.6119853258132935,-0.2768782079219818,0.9506527185440063,1,1
ok,./test/droh_real2d_wristnorm/ok/IMG_7001.npy,1,0,0,0.0,0.9999970197677612,-1.97361421585083,0.8098070025444031,-0.2935197651386261,0.8296356201171875,1,1
ok,./test/droh_real2d_wristnorm/ok/IMG_7036.npy,1,0,0,0.0,0.9999958276748657,-1.2508282661437988,2.418179750442505,0.22707287967205048,1.0052601099014282,1,1
ok,./test/droh_real2d_wristnorm/ok/IMG_7037.npy,1,0,0,0.0,0.9999964237213135,-2.2147817611694336,1.32942533493042,-0.48154354095458984,0.8505789637565613,1,1
ok,./test/droh_real2d_wristnorm/ok/IMG_7038.npy,1,0,0,0.0,0.9999966025352478,-2.4128220081329346,1.233642816543579,-0.5620291829109192,0.8108974695205688,1,1
ok,./test/droh_real2d_wristnorm/ok/IMG_7070.npy,1,0,0,0.0,0.9999956488609314,-1.8745801448822021,0.0,-0.8860957026481628,0.4532809257507324,1,1
ok,./test/droh_real2d_wristnorm/ok/IMG_7072.npy,1,0,0,0.0,0.9999964833259583,-1.9137966632843018,0.07384935021400452,-0.665730893611908,0.4506598114967346,1,1
ok,./test/droh_real2d_wristnorm/ok/IMG_7073.npy,1,0,0,0.0,0.9999966621398926,-1.8575602769851685,0.31257691979408264,-0.6721600294113159,0.5504899024963379,1,1
ok,./test/droh_real2d_wristnorm/ok/IMG_7227.npy,1,0,0,0.0,0.9999962449073792,-0.07051234692335129,1.6787703037261963,0.7616864442825317,0.40820181369781494,1,1
ok,./test/droh_real2d_wristnorm/ok/IMG_7228.npy,1,0,0,0.0,0.9999933242797852,-1.5309540033340454,3.14158296585083,0.8614276051521301,1.1796164512634277,1,1
ok,./test/droh_real2d_wristnorm/ok/IMG_7258.npy,1,0,0,0.0,0.9999948740005493,-0.9874672889709473,2.9624555110931396,0.731900691986084,1.1458046436309814,1,1
ok,./test/droh_real2d_wristnorm/ok/IMG_7259.npy,1,0,0,0.0,0.9999958872795105,-0.15094737708568573,2.309562921524048,0.7227535247802734,0.5685524344444275,1,1
ok,./test/droh_real2d_wristnorm/ok/IMG_7260.npy,1,0,0,0.0,0.9999961853027344,-0.003740941407158971,2.5977985858917236,0.9927680492401123,0.684226930141449,1,1
ok,./test/droh_real2d_wristnorm/ok/IMG_7288.npy,1,0,0,0.0,0.9999960064888,-2.3019015789031982,0.31825289130210876,-0.7985475659370422,0.6688653826713562,1,1
ok,./test/droh_real2d_wristnorm/ok/IMG_7290.npy,1,0,0,0.0,0.999996542930603,-2.0456724166870117,0.5402991771697998,-0.5692331194877625,0.657133162021637,1,1
ok,./test/droh_real2d_wristnorm/ok/IMG_7291.npy,1,0,0,0.0,0.9999968409538269,-2.0520195960998535,0.622723400592804,-0.5755667090415955,0.6861495971679688,1,1
ok,./test/droh_real2d_wristnorm/ok/IMG_7322.npy,1,0,0,0.0,0.9999967217445374,-1.7709554433822632,1.6496765613555908,0.06983000040054321,1.067004919052124,1,1
ok,./test/droh_real2d_wristnorm/ok/IMG_7323.npy,1,0,0,0.0,0.9999974966049194,-1.0806173086166382,1.7385090589523315,0.17710182070732117,0.880746603012085,1,1
ok,./test/droh_real2d_wristnorm/ok/IMG_7351.npy,1,0,0,0.0,0.999996542930603,-0.16453686356544495,2.2326130867004395,0.8612925410270691,0.6240162253379822,1,1
ok,./test/droh_real2d_wristnorm/ok/IMG_7352.npy,1,0,0,0.0,0.9999969005584717,-0.31911277770996094,1.9967492818832397,0.6916758418083191,0.5756582617759705,1,1
ok,./test/droh_real2d_wristnorm/ok/IMG_7354.npy,1,0,0,0.0,0.9999958872795105,-2.306157350540161,1.3853645324707031,-0.28514364361763,1.0597741603851318,1,1
ok,./test/droh_real2d_wristnorm/ok/IMG_7355.npy,1,0,0,0.0,0.9999962449073792,-0.013946090824902058,2.0424118041992188,1.0891399383544922,0.5760035514831543,1,1
ok,./test/droh_real2d_wristnorm/ok/IMG_7391.npy,1,0,0,0.0,0.9999967217445374,-1.475098967552185,0.30951693654060364,-0.7374212741851807,0.4940629005432129,1,1
ok,./test/droh_real2d_wristnorm/ok/IMG_7394.npy,1,0,0,0.0,0.9999964237213135,-1.8320144414901733,0.13935315608978271,-0.8590924143791199,0.5406995415687561,1,1
ok,./test/droh_real2d_wristnorm/ok/IMG_7416.npy,1,0,0,0.0,0.9999947547912598,-0.11349181830883026,2.617950677871704,0.9333237409591675,0.7773205637931824,1,1
ok,./test/droh_real2d_wristnorm/ok/IMG_7418.npy,1,0,0,0.0,0.9999964833259583,-0.5513684153556824,2.08052659034729,0.55009925365448,0.6791811585426331,1,1
ok,./test/droh_real2d_wristnorm/ok/IMG_7448.npy,1,0,0,0.0,0.999994158744812,-0.9302836060523987,2.597771167755127,0.6163783073425293,1.004092812538147,1,1
ok,./test/droh_real2d_wristnorm/ok/IMG_7484.npy,1,0,0,0.0,0.9999964833259583,-1.7624372243881226,0.14439447224140167,-0.690288245677948,0.4618508517742157,1,1
ok,./test/droh_real2d_wristnorm/ok/IMG_7529.npy,1,0,0,0.0,0.9999964237213135,-0.8606247305870056,2.366150379180908,0.5565028190612793,0.7745410203933716,1,1
ok,./test/droh_real2d_wristnorm/ok/IMG_7550.npy,1,0,0,0.0,0.9999957084655762,-2.4797136783599854,2.0437633991241455,-0.17574211955070496,1.189418911933899,1,1
ok,./test/droh_real2d_wristnorm/ok/IMG_7581.npy,1,0,0,0.0,0.9999911785125732,-0.8801069855690002,4.961479187011719,1.204900860786438,1.5389965772628784,1,1
ok,./test/droh_real2d_wristnorm/ok/IMG_7582.npy,1,0,0,0.0,0.9999960660934448,-2.377472162246704,1.821781873703003,-0.2543247640132904,1.1988716125488281,1,1
ok,./test/droh_real2d_wristnorm/ok/IMG_7583.npy,1,0,0,0.0,0.9999967813491821,-1.740936517715454,1.461607813835144,-0.05126599967479706,0.9055115580558777,1,1
ok,./test/droh_real2d_wristnorm/ok/IMG_7584.npy,1,0,0,0.0,0.9999963045120239,-2.5797388553619385,1.5727005004882812,-0.4517515301704407,1.1503344774246216,1,1
ok,./test/droh_real2d_wristnorm/ok/IMG_7585.npy,1,0,0,0.0,0.9999966025352478,-2.239326000213623,1.192817211151123,-0.33081990480422974,1.0351924896240234,1,1
ok,./test/droh_real2d_wristnorm/ok/IMG_7613.npy,1,0,0,0.0,0.9999949336051941,-2.781090021133423,0.42989373207092285,-0.7752304077148438,0.897578775882721,1,1
ok,./test/droh_real2d_wristnorm/ok/IMG_7614.npy,1,0,0,0.0,0.9999955892562866,-2.2714645862579346,0.10862690210342407,-0.6620040535926819,0.5009452104568481,1,1
ok,./test/droh_real2d_wristnorm/ok/IMG_7616.npy,1,0,0,0.0,0.9999955296516418,-2.5346012115478516,0.1167537271976471,-0.7539771795272827,0.7622314095497131,1,1
ok,./test/droh_real2d_wristnorm/ok/IMG_7617.npy,1,0,0,0.0,0.9999955892562866,-2.6135025024414062,0.19553935527801514,-0.8999525904655457,0.7371304631233215,1,1
ok,./test/droh_real2d_wristnorm/ok/IMG_7618.npy,1,0,0,0.0,0.999995768070221,-2.4092376232147217,0.11099140346050262,-1.053760290145874,0.6492336392402649,1,1
ok,./test/droh_real2d_wristnorm/ok/IMG_7655.npy,1,0,0,0.0,0.9999963045120239,-1.19105064868927,2.047499656677246,0.4275025725364685,0.8809961676597595,1,1
ok,./test/droh_real2d_wristnorm/ok/IMG_7656.npy,1,0,0,0.0,0.999997079372406,-0.7162489295005798,2.0346155166625977,0.48406946659088135,0.7476867437362671,1,1
ok,./test/droh_real2d_wristnorm/ok/IMG_7657.npy,1,0,0,0.0,0.9999958872795105,-0.9977115392684937,1.8528484106063843,0.3841262459754944,0.8215945959091187,1,1
ok,./test/droh_real2d_wristnorm/ok/IMG_7660.npy,1,0,0,0.0,0.9999972581863403,-1.785136342048645,0.9217633008956909,-0.29185202717781067,0.8596040606498718,1,1
ok,./test/droh_real2d_wristnorm/ok/IMG_7690.npy,1,0,0,0.0,0.9999960660934448,-2.061994791030884,0.09945730119943619,-0.7301921248435974,0.5858857035636902,1,1
ok,./test/droh_real2d_wristnorm/ok/IMG_7691.npy,1,0,0,0.0,0.9999961853027344,-0.2573651969432831,1.7721186876296997,0.7055617570877075,0.5339906215667725,1,1
ok,./test/droh_real2d_wristnorm/ok/IMG_7693.npy,1,0,0,0.0,0.9999945759773254,-2.422703742980957,0.9077285528182983,-0.506050169467926,1.0822725296020508,1,1
ok,./test/droh_real2d_wristnorm/ok/IMG_7722.npy,1,0,0,0.0,0.9999952912330627,-0.7002447843551636,2.3334338665008545,0.5293500423431396,0.916763961315155,1,1
ok,./test/droh_real2d_wristnorm/ok/IMG_7723.npy,1,0,0,0.0,0.9999959468841553,-0.48297685384750366,2.454749822616577,0.8008129596710205,0.7367621064186096,1,1
ok,./test/droh_real2d_wristnorm/ok/IMG_7753.npy,1,0,0,0.0,0.9999954700469971,-0.8787800073623657,2.5964293479919434,0.6194720268249512,1.0338563919067383,1,1
ok,./test/droh_real2d_wristnorm/ok/IMG_7756.npy,1,0,0,0.0,0.9999966025352478,-0.009744721464812756,1.7243359088897705,0.8973305821418762,0.4473162591457367,1,1
ok,./test/droh_real2d_wristnorm/ok/IMG_7782.npy,1,0,0,0.0,0.9999954700469971,-2.3297674655914307,0.458954781293869,-0.8656865954399109,0.746507465839386,1,1
ok,./test/droh_real2d_wristnorm/ok/IMG_7783.npy,1,0,0,0.0,0.9999954104423523,-1.0354030132293701,2.0615410804748535,0.4571859836578369,0.9287329316139221,1,1
ok,./test/droh_real2d_wristnorm/ok/IMG_7786.npy,1,0,0,0.0,0.9999960064888,-0.3294340670108795,1.9359687566757202,0.7688145637512207,0.5994095802307129,1,1
ok,./test/droh_real2d_wristnorm/ok/IMG_7854.npy,1,0,0,0.0,0.9999967813491821,-0.8489730954170227,2.1670665740966797,0.4900977611541748,0.8503454327583313,1,1
ok,./test/droh_real2d_wristnorm/ok/IMG_7887.npy,1,0,0,0.0,0.9999958872795105,-1.3825196027755737,2.516602039337158,0.2073040008544922,1.1784414052963257,1,1
ok,./test/droh_real2d_wristnorm/ok/IMG_7888.npy,1,0,0,0.0,0.9999923706054688,-3.4893133640289307,4.484226226806641,0.07022015005350113,2.0722596645355225,1,1
ok,./test/droh_real2d_wristnorm/ok/IMG_7890.npy,1,0,0,0.0,0.9999971985816956,-0.8360365033149719,1.984721064567566,0.4555007815361023,0.753376305103302,1,1
ok,./test/droh_real2d_wristnorm/ok/IMG_7891.npy,1,0,0,0.0,0.9999971985816956,-0.7822364568710327,2.0302634239196777,0.5159578919410706,0.6916942596435547,1,1
ok,./test/droh_real2d_wristnorm/ok/IMG_7922.npy,1,0,0,0.0,0.9999931454658508,-2.666950225830078,1.613153100013733,-0.289118230342865,1.0983352661132812,1,1
ok,./test/droh_real2d_wristnorm/ok/IMG_7948.npy,1,0,0,0.0,0.9999951720237732,-1.5714871883392334,3.0379374027252197,0.39630693197250366,1.3191397190093994,1,1
ok,./test/droh_real2d_wristnorm/ok/IMG_7950.npy,1,0,0,0.0,0.9999967217445374,-0.5755009055137634,2.267746925354004,0.5010799169540405,0.8863826990127563,1,1
ok,./test/droh_real2d_wristnorm/ok/IMG_7951.npy,1,0,0,0.0,0.9999969005584717,-0.827480137348175,2.2575390338897705,0.4816868305206299,0.9063325524330139,1,1
ok,./test/droh_real2d_wristnorm/ok/IMG_7980.npy,1,0,0,0.0,0.9999970197677612,-1.0599067211151123,2.0005674362182617,0.3302326798439026,0.8644522428512573,1,1
ok,./test/droh_real2d_wristnorm/ok/IMG_8014.npy,1,0,0,0.0,0.9999967813491821,-0.3185485899448395,2.0162336826324463,0.600630521774292,0.6495209336280823,1,1
ok,./test/droh_real2d_wristnorm/ok/IMG_8046.npy,1,0,0,0.0,0.999995768070221,-1.4911619424819946,2.417083263397217,0.3690033555030823,1.0361385345458984,1,1
ok,./test/droh_real2d_wristnorm/ok/IMG_8047.npy,1,0,0,0.0,0.9999968409538269,-1.1565325260162354,1.9548112154006958,0.16993124783039093,0.845064640045166,1,1
ok,./test/droh_real2d_wristnorm/ok/IMG_8049.npy,1,0,0,0.0,0.9999961853027344,-0.10895396769046783,2.4327635765075684,0.7836898565292358,0.7266867160797119,1,1
ok,./test/droh_real2d_wristnorm/ok/IMG_8087.npy,1,0,0,0.0,0.9999794363975525,-4.5982136726379395,5.39508581161499,0.9137212634086609,2.775721311569214,1,1
ok,./test/droh_real2d_wristnorm/ok/IMG_8088.npy,1,0,0,0.0,0.999995768070221,-1.1884058713912964,3.192172050476074,0.6934425234794617,1.1962661743164062,1,1
ok,./test/droh_real2d_wristnorm/ok/IMG_8089.npy,1,0,0,0.0,0.999993622303009,-2.507889747619629,0.7519878149032593,-0.7213748097419739,0.9156163930892944,1,1
ok,./test/droh_real2d_wristnorm/ok/IMG_8091.npy,1,0,0,0.0,0.9999930262565613,-1.2574303150177002,3.098327398300171,1.2132264375686646,1.1966406106948853,1,1
ok,./test/droh_real2d_wristnorm/ok/IMG_8109.npy,1,0,0,0.0,0.9999961853027344,-0.6232941150665283,2.26947283744812,0.5606989860534668,0.8174194097518921,1,1
ok,./test/droh_real2d_wristnorm/ok/IMG_8110.npy,1,0,0,0.0,0.9999960064888,-0.38038310408592224,2.041188955307007,0.6191970109939575,0.6739146113395691,1,1
ok,./test/droh_real2d_wristnorm/ok/IMG_8177.npy,1,0,0,0.0,0.9999959468841553,-0.18206386268138885,2.134192943572998,0.6153720021247864,0.6519177556037903,1,1
ok,./test/droh_real2d_wristnorm/ok/IMG_8178.npy,1,0,0,0.0,0.9999957084655762,-0.7753608226776123,2.1588644981384277,0.6166403889656067,0.726655125617981,1,1
paper,./test/droh_real2d_wristnorm/paper/IMG_6274.npy,1,0,0,0.0,0.9999953508377075,-0.3504835069179535,2.0385568141937256,0.864273726940155,0.6955164670944214,1,1
paper,./test/droh_real2d_wristnorm/paper/IMG_6275.npy,1,0,0,0.0,0.9999914765357971,-3.202162742614746,3.2923038005828857,-0.11700781434774399,1.577555775642395,1,1
paper,./test/droh_real2d_wristnorm/paper/IMG_6276.npy,1,0,0,0.0,0.9999955892562866,-2.5054917335510254,1.4729121923446655,-0.7705187797546387,0.9849091172218323,1,1
paper,./test/droh_real2d_wristnorm/paper/IMG_6277.npy,1,0,0,0.0,0.999996542930603,-2.0036873817443848,0.7878199815750122,-0.6871395707130432,0.7551479935646057,1,1
paper,./test/droh_real2d_wristnorm/paper/IMG_6279.npy,1,0,0,0.0,0.9999873638153076,-1.5568838119506836,2.6689400672912598,0.5375329256057739,1.0028316974639893,1,1
paper,./test/droh_real2d_wristnorm/paper/IMG_6280.npy,1,0,0,0.0,0.9999891519546509,-1.1120027303695679,3.8516876697540283,0.9084436297416687,1.065631628036499,1,1
paper,./test/droh_real2d_wristnorm/paper/IMG_6323.npy,1,0,0,0.0,0.999995231628418,-2.260744094848633,0.9084975123405457,-0.7199229001998901,0.8645004630088806,1,1
paper,./test/droh_real2d_wristnorm/paper/IMG_6324.npy,1,0,0,0.0,0.9999938607215881,-2.666656494140625,1.3224117755889893,-0.5927702784538269,1.1574448347091675,1,1
paper,./test/droh_real2d_wristnorm/paper/IMG_6325.npy,1,0,0,0.0,0.9999959468841553,-2.076303482055664,0.44905364513397217,-0.9090023040771484,0.608813464641571,1,1
paper,./test/droh_real2d_wristnorm/paper/IMG_6326.npy,1,0,0,0.0,0.9999791383743286,-2.023122787475586,3.109543561935425,0.19612811505794525,1.249441146850586,1,1
paper,./test/droh_real2d_wristnorm/paper/IMG_6355.npy,1,0,0,0.0,0.9999961853027344,-2.042297840118408,1.0128618478775024,-0.5190330743789673,0.8672976493835449,1,1
paper,./test/droh_real2d_wristnorm/paper/IMG_6358.npy,1,0,0,0.0,0.9999960064888,-1.888347864151001,0.8429650068283081,-0.3181516230106354,0.8880361318588257,1,1
paper,./test/droh_real2d_wristnorm/paper/IMG_6359.npy,1,0,0,0.0,0.9999958276748657,-2.1475303173065186,0.9394676685333252,-0.4398185610771179,0.9248254895210266,1,1
paper,./test/droh_real2d_wristnorm/paper/IMG_6391.npy,1,0,0,0.0,0.9999973177909851,-0.5124615430831909,1.8908332586288452,0.6222162842750549,0.6687113642692566,1,1
paper,./test/droh_real2d_wristnorm/paper/IMG_6392.npy,1,0,0,0.0,0.9999919533729553,-2.3088111877441406,3.049137830734253,1.032289981842041,1.1790670156478882,1,1
paper,./test/droh_real2d_wristnorm/paper/IMG_6393.npy,1,0,0,0.0,0.9999963641166687,-1.3885747194290161,1.9372410774230957,0.492642343044281,0.8780972957611084,1,1
paper,./test/droh_real2d_wristnorm/paper/IMG_6395.npy,1,0,0,0.0,0.999993085861206,-0.6272859573364258,2.7069718837738037,0.8302956819534302,0.945370614528656,1,1
paper,./test/droh_real2d_wristnorm/paper/IMG_6427.npy,1,0,0,0.0,0.9999947547912598,-2.0232033729553223,1.8523387908935547,-0.09134906530380249,1.0778026580810547,1,1
paper,./test/droh_real2d_wristnorm/paper/IMG_6429.npy,1,0,0,0.0,0.9999955892562866,-1.4966089725494385,2.0238447189331055,0.13988585770130157,1.050858497619629,1,1
paper,./test/droh_real2d_wristnorm/paper/IMG_6430.npy,1,0,0,0.0,0.9999954700469971,-0.2789148688316345,1.9554044008255005,0.6498929262161255,0.5880159139633179,1,1
paper,./test/droh_real2d_wristnorm/paper/IMG_6431.npy,1,0,0,0.0,0.9999919533729553,-2.959120035171509,1.8899177312850952,-0.5806666016578674,1.2062982320785522,1,1
paper,./test/droh_real2d_wristnorm/paper/IMG_6467.npy,1,0,0,0.0,0.9999958872795105,-0.22265659272670746,2.1223385334014893,0.8530759215354919,0.644214928150177,1,1
paper,./test/droh_real2d_wristnorm/paper/IMG_6468.npy,1,0,0,0.0,0.9999865889549255,-4.032950401306152,4.652891635894775,-0.4250912070274353,2.152562141418457,1,1
paper,./test/droh_real2d_wristnorm/paper/IMG_6469.npy,1,0,0,0.0,0.9999952912330627,-1.8131179809570312,1.9907480478286743,-0.06609877198934555,1.0792856216430664,1,1
paper,./test/droh_real2d_wristnorm/paper/IMG_6504.npy,1,0,0,0.0,0.9999959468841553,-1.9504261016845703,0.15286624431610107,-0.8940839171409607,0.5473335385322571,1,1
paper,./test/droh_real2d_wristnorm/paper/IMG_6505.npy,1,0,0,0.0,0.999997079372406,-1.8798388242721558,0.27312663197517395,-0.7716085314750671,0.5592291355133057,1,1
paper,./test/droh_real2d_wristnorm/paper/IMG_6508.npy,1,0,0,0.0,0.9999964833259583,-2.4170119762420654,0.837017297744751,-0.6471596956253052,0.9569970965385437,1,1
paper,./test/droh_real2d_wristnorm/paper/IMG_6546.npy,1,0,0,0.0,0.9999960660934448,-2.2512264251708984,1.475077509880066,-0.4782226085662842,1.003876805305481,1,1
paper,./test/droh_real2d_wristnorm/paper/IMG_6547.npy,1,0,0,0.0,0.9999957084655762,-1.7644333839416504,1.9351643323898315,0.30175161361694336,1.0461559295654297,1,1
paper,./test/droh_real2d_wristnorm/paper/IMG_6548.npy,1,0,0,0.0,0.9999894499778748,-1.1740983724594116,3.101688861846924,0.564180850982666,1.2309836149215698,1,1
paper,./test/droh_real2d_wristnorm/paper/IMG_6549.npy,1,0,0,0.0,0.9999972581863403,-0.429328978061676,1.9672086238861084,0.6306449770927429,0.7101030349731445,1,1
paper,./test/droh_real2d_wristnorm/paper/IMG_6550.npy,1,0,0,0.0,0.9999961256980896,-0.8561798334121704,2.392930269241333,0.7671278715133667,0.8208798766136169,1,1
paper,./test/droh_real2d_wristnorm/paper/IMG_6582.npy,1,0,0,0.0,0.9999966025352478,-1.3486300706863403,2.231217861175537,0.2652438282966614,1.0643742084503174,1,1
paper,./test/droh_real2d_wristnorm/paper/IMG_6583.npy,1,0,0,0.0,0.9999969005584717,-0.32413288950920105,1.9769320487976074,0.7983871698379517,0.633601725101471,1,1
paper,./test/droh_real2d_wristnorm/paper/IMG_6584.npy,1,0,0,0.0,0.9999978542327881,-0.5532180070877075,1.8155491352081299,0.5776583552360535,0.668838620185852,1,1
paper,./test/droh_real2d_wristnorm/paper/IMG_6585.npy,1,0,0,0.0,0.9999966621398926,-0.34258344769477844,1.9175931215286255,0.9587677717208862,0.6136946082115173,1,1
paper,./test/droh_real2d_wristnorm/paper/IMG_6619.npy,1,0,0,0.0,0.9999956488609314,-0.1804165095090866,2.353687286376953,0.9087235331535339,0.6790601015090942,1,1
paper,./test/droh_real2d_wristnorm/paper/IMG_6622.npy,1,0,0,0.0,0.9999952912330627,-0.8067195415496826,2.3890810012817383,0.9288108348846436,0.8140132427215576,1,1
paper,./test/droh_real2d_wristnorm/paper/IMG_6653.npy,1,0,0,0.0,0.9999954700469971,-2.4485719203948975,0.8221604824066162,-0.6506087183952332,0.9213945865631104,1,1
paper,./test/droh_real2d_wristnorm/paper/IMG_6654.npy,1,0,0,0.0,0.9999954700469971,-2.5549161434173584,0.7677243947982788,-0.7939255833625793,0.8786516785621643,1,1
paper,./test/droh_real2d_wristnorm/paper/IMG_6655.npy,1,0,0,0.0,0.9999954700469971,-2.3220691680908203,1.6789175271987915,-0.2670706808567047,1.20885169506073,1,1
paper,./test/droh_real2d_wristnorm/paper/IMG_6656.npy,1,0,0,0.0,0.9999963641166687,-2.099728584289551,0.25642478466033936,-0.9594695568084717,0.6256694793701172,1,1
paper,./test/droh_real2d_wristnorm/paper/IMG_6708.npy,1,0,0,0.0,0.9999975562095642,-1.7758493423461914,0.29319140315055847,-0.758459210395813,0.5098168253898621,1,1
paper,./test/droh_real2d_wristnorm/paper/IMG_6709.npy,1,0,0,0.0,0.9999977946281433,-0.7108201384544373,1.8601105213165283,0.5673903226852417,0.6861104369163513,1,1
paper,./test/droh_real2d_wristnorm/paper/IMG_6710.npy,1,0,0,0.0,0.9999979138374329,-0.3474811613559723,1.7653205394744873,0.6852006912231445,0.5127045512199402,1,1
paper,./test/droh_real2d_wristnorm/paper/IMG_6732.npy,1,0,0,0.0,0.9999971389770508,-2.0452628135681152,0.8010464906692505,-0.5387619137763977,0.7631736397743225,1,1
paper,./test/droh_real2d_wristnorm/paper/IMG_6767.npy,1,0,0,0.0,0.9999959468841553,-2.1915483474731445,1.8525896072387695,-0.8925169706344604,0.8864188194274902,1,1
paper,./test/droh_real2d_wristnorm/paper/IMG_6799.npy,1,0,0,0.0,0.9999969601631165,-2.00575852394104,0.5318816304206848,-0.6471070051193237,0.6710525155067444,1,1
paper,./test/droh_real2d_wristnorm/paper/IMG_6830.npy,1,0,0,0.0,0.9999949336051941,-2.0408074855804443,0.6124025583267212,-0.7914321422576904,0.7271968722343445,1,1
paper,./test/droh_real2d_wristnorm/paper/IMG_6861.npy,1,0,0,0.0,0.9999924302101135,-2.7895278930664062,3.853811740875244,-0.27511706948280334,1.617593765258789,1,1
paper,./test/droh_real2d_wristnorm/paper/IMG_6862.npy,1,0,0,0.0,0.9999962449073792,-2.2759246826171875,0.2622411847114563,-0.8500903844833374,0.6590628027915955,1,1
paper,./test/droh_real2d_wristnorm/paper/IMG_6864.npy,1,0,0,0.0,0.9999960064888,-1.4957016706466675,2.115154981613159,0.4935995638370514,0.9195916652679443,1,1
paper,./test/droh_real2d_wristnorm/paper/IMG_6865.npy,1,0,0,0.0,0.9999949932098389,-0.9117764234542847,2.267587184906006,0.9045449495315552,0.8059317469596863,1,1
paper,./test/droh_real2d_wristnorm/paper/IMG_6909.npy,1,0,0,0.0,0.9999964833259583,-1.126591444015503,2.1586525440216064,0.6540928483009338,0.8060824871063232,1,1
paper,./test/droh_real2d_wristnorm/paper/IMG_6910.npy,1,0,0,0.0,0.9999956488609314,-0.5809714794158936,2.2875561714172363,0.7665799260139465,0.7558926343917847,1,1
paper,./test/droh_real2d_wristnorm/paper/IMG_6911.npy,1,0,0,0.0,0.9999949932098389,-1.7530012130737305,2.6030969619750977,0.6357428431510925,1.0659866333007812,1,1
paper,./test/droh_real2d_wristnorm/paper/IMG_6913.npy,1,0,0,0.0,0.9999966025352478,-1.2158477306365967,1.929834246635437,0.5078509449958801,0.8274499177932739,1,1
paper,./test/droh_real2d_wristnorm/paper/IMG_6934.npy,1,0,0,0.0,0.9999963641166687,-1.3246288299560547,1.75504469871521,0.3356553912162781,0.9036117792129517,1,1
paper,./test/droh_real2d_wristnorm/paper/IMG_6935.npy,1,0,0,0.0,0.9999945759773254,-2.0850040912628174,1.4610437154769897,-0.00961665902286768,0.9854674339294434,1,1
paper,./test/droh_real2d_wristnorm/paper/IMG_6963.npy,1,0,0,0.0,0.9999950528144836,-2.537299871444702,1.2897427082061768,-0.696560263633728,0.9928142428398132,1,1
paper,./test/droh_real2d_wristnorm/paper/IMG_6964.npy,1,0,0,0.0,0.9999951720237732,-1.658007025718689,2.0963375568389893,0.35053765773773193,1.0442066192626953,1,1
paper,./test/droh_real2d_wristnorm/paper/IMG_6965.npy,1,0,0,0.0,0.9999949932098389,-2.5869688987731934,0.5875421762466431,-0.8852286338806152,0.7882397174835205,1,1
paper,./test/droh_real2d_wristnorm/paper/IMG_6994.npy,1,0,0,0.0,0.9999959468841553,-1.6741485595703125,0.0,-0.9126980304718018,0.4837169945240021,1,1
paper,./test/droh_real2d_wristnorm/paper/IMG_6995.npy,1,0,0,0.0,0.9999963641166687,-1.2829262018203735,1.789899230003357,0.2219332456588745,0.9559367895126343,1,1
paper,./test/droh_real2d_wristnorm/paper/IMG_6996.npy,1,0,0,0.0,0.9999960660934448,-2.1960995197296143,1.6025735139846802,-0.41621699929237366,1.010009527206421,1,1
paper,./test/droh_real2d_wristnorm/paper/IMG_7033.npy,1,0,0,0.0,0.9999972581863403,-1.9345210790634155,0.496581107378006,-0.7384676933288574,0.585732638835907,1,1
paper,./test/droh_real2d_wristnorm/paper/IMG_7064.npy,1,0,0,0.0,0.9999971389770508,-2.3677656650543213,0.2834263741970062,-0.764882504940033,0.7880958914756775,1,1
paper,./test/droh_real2d_wristnorm/paper/IMG_7065.npy,1,0,0,0.0,0.999997079372406,-2.2547600269317627,0.01061759889125824,-0.7755345106124878,0.7137857675552368,1,1
paper,./test/droh_real2d_wristnorm/paper/IMG_7067.npy,1,0,0,0.0,0.9999972581863403,-1.9712992906570435,0.589708685874939,-0.6652692556381226,0.6768595576286316,1,1
paper,./test/droh_real2d_wristnorm/paper/IMG_7068.npy,1,0,0,0.0,0.9999977350234985,-1.9529178142547607,0.2615411579608917,-0.6726119518280029,0.6263523697853088,1,1
paper,./test/droh_real2d_wristnorm/paper/IMG_7222.npy,1,0,0,0.0,0.9999966621398926,-0.15799136459827423,2.1238551139831543,0.7761854529380798,0.6344632506370544,1,1
paper,./test/droh_real2d_wristnorm/paper/IMG_7223.npy,1,0,0,0.0,0.9999966025352478,-0.1498979777097702,2.122987747192383,0.7786669135093689,0.6277337670326233,1,1
paper,./test/droh_real2d_wristnorm/paper/IMG_7224.npy,1,0,0,0.0,0.9999960660934448,-0.04553767666220665,2.1180360317230225,0.8684812188148499,0.6144552230834961,1,1
paper,./test/droh_real2d_wristnorm/paper/IMG_7254.npy,1,0,0,0.0,0.9999969005584717,-0.1335587352514267,2.32906174659729,0.8204529285430908,0.704754650592804,1,1
paper,./test/droh_real2d_wristnorm/paper/IMG_7285.npy,1,0,0,0.0,0.9999960660934448,-2.2081587314605713,0.15418699383735657,-0.8165652751922607,0.679540753364563,1,1
paper,./test/droh_real2d_wristnorm/paper/IMG_7286.npy,1,0,0,0.0,0.9999948740005493,-2.3806779384613037,0.13570168614387512,-0.7619678974151611,0.7425147294998169,1,1
paper,./test/droh_real2d_wristnorm/paper/IMG_7316.npy,1,0,0,0.0,0.9999967217445374,-0.38377201557159424,2.2920501232147217,0.703127384185791,0.7875440120697021,1,1
paper,./test/droh_real2d_wristnorm/paper/IMG_7317.npy,1,0,0,0.0,0.9999960660934448,-0.18367750942707062,1.8224422931671143,0.9664870500564575,0.5494913458824158,1,1
paper,./test/droh_real2d_wristnorm/paper/IMG_7345.npy,1,0,0,0.0,0.9999964833259583,-0.3663264811038971,2.4000911712646484,0.8463534116744995,0.7700075507164001,1,1
paper,./test/droh_real2d_wristnorm/paper/IMG_7347.npy,1,0,0,0.0,0.9999970197677612,-0.35450130701065063,1.827613115310669,0.7454510927200317,0.5286322832107544,1,1
paper,./test/droh_real2d_wristnorm/paper/IMG_7349.npy,1,0,0,0.0,0.9999971389770508,-0.147324800491333,1.8193765878677368,0.7892672419548035,0.5148493647575378,1,1
paper,./test/droh_real2d_wristnorm/paper/IMG_7382.npy,1,0,0,0.0,0.9999960064888,-2.235506057739258,0.055079054087400436,-0.833431601524353,0.6539958715438843,1,1
paper,./test/droh_real2d_wristnorm/paper/IMG_7414.npy,1,0,0,0.0,0.9999969601631165,-1.8860067129135132,0.5548601150512695,-0.7006675601005554,0.677281379699707,1,1
paper,./test/droh_real2d_wristnorm/paper/IMG_7443.npy,1,0,0,0.0,0.9999969005584717,-0.5169615745544434,1.992418646812439,0.6948657035827637,0.6568065285682678,1,1
paper,./test/droh_real2d_wristnorm/paper/IMG_7446.npy,1,0,0,0.0,0.999995768070221,-0.7829210758209229,2.2562766075134277,0.799332320690155,0.7058146595954895,1,1
paper,./test/droh_real2d_wristnorm/paper/IMG_7447.npy,1,0,0,0.0,0.9999961853027344,-0.8484779000282288,2.5038037300109863,0.5385292768478394,0.9188554883003235,1,1
paper,./test/droh_real2d_wristnorm/paper/IMG_7476.npy,1,0,0,0.0,0.9999954700469971,-2.3832361698150635,0.4905499517917633,-0.7838526368141174,0.7599274516105652,1,1
paper,./test/droh_real2d_wristnorm/paper/IMG_7477.npy,1,0,0,0.0,0.9999964833259583,-2.2334702014923096,0.7446196675300598,-0.6516005396842957,0.7368690967559814,1,1
paper,./test/droh_real2d_wristnorm/paper/IMG_7513.npy,1,0,0,0.0,0.9999963045120239,-0.5549213886260986,1.6792340278625488,0.8303772211074829,0.5514548420906067,1,1
paper,./test/droh_real2d_wristnorm/paper/IMG_7515.npy,1,0,0,0.0,0.9999938011169434,-0.25303709506988525,2.4517109394073486,0.9092209339141846,0.7466698288917542,1,1
paper,./test/droh_real2d_wristnorm/paper/IMG_7545.npy,1,0,0,0.0,0.9999973177909851,-0.8151480555534363,2.0230894088745117,0.45016878843307495,0.8324262499809265,1,1
paper,./test/droh_real2d_wristnorm/paper/IMG_7578.npy,1,0,0,0.0,0.9999967813491821,-2.1091468334198,1.3962736129760742,-0.23954665660858154,1.007946252822876,1,1
paper,./test/droh_real2d_wristnorm/paper/IMG_7579.npy,1,0,0,0.0,0.9999963641166687,-2.3345746994018555,1.5154842138290405,-0.22905448079109192,1.1012417078018188,1,1
paper,./test/droh_real2d_wristnorm/paper/IMG_7609.npy,1,0,0,0.0,0.9999967813491821,-1.9058207273483276,0.44540736079216003,-0.7360862493515015,0.5749900341033936,1,1
paper,./test/droh_real2d_wristnorm/paper/IMG_7610.npy,1,0,0,0.0,0.9999954700469971,-1.0426949262619019,2.1942033767700195,0.28244325518608093,1.0191316604614258,1,1
paper,./test/droh_real2d_wristnorm/paper/IMG_7611.npy,1,0,0,0.0,0.9999959468841553,-2.181260824203491,0.1079917699098587,-0.8727598786354065,0.6673022508621216,1,1
paper,./test/droh_real2d_wristnorm/paper/IMG_7652.npy,1,0,0,0.0,0.9999966025352478,-0.73764967918396,2.2034151554107666,0.48974981904029846,0.8550342321395874,1,1
paper,./test/droh_real2d_wristnorm/paper/IMG_7653.npy,1,0,0,0.0,0.9999971389770508,-0.5967585444450378,1.619154930114746,0.5031381845474243,0.7086242437362671,1,1
paper,./test/droh_real2d_wristnorm/paper/IMG_7717.npy,1,0,0,0.0,0.9999967217445374,-0.9018251299858093,2.3393282890319824,0.6373929977416992,0.8272114992141724,1,1
paper,./test/droh_real2d_wristnorm/paper/IMG_7718.npy,1,0,0,0.0,0.9999963045120239,-0.3951254189014435,2.357625722885132,0.7572720646858215,0.7664571404457092,1,1
paper,./test/droh_real2d_wristnorm/paper/IMG_7719.npy,1,0,0,0.0,0.9999967813491821,-0.39017000794410706,2.2843432426452637,0.6620960831642151,0.8020254373550415,1,1
paper,./test/droh_real2d_wristnorm/paper/IMG_7720.npy,1,0,0,0.0,0.9999958872795105,-2.598038673400879,0.1516011506319046,-0.6829617619514465,0.9009785652160645,1,1
paper,./test/droh_real2d_wristnorm/paper/IMG_7750.npy,1,0,0,0.0,0.9999968409538269,-0.23772980272769928,2.1745970249176025,0.6417348384857178,0.7525323033332825,1,1
paper,./test/droh_real2d_wristnorm/paper/IMG_7778.npy,1,0,0,0.0,0.9999972581863403,-0.711060106754303,1.648858904838562,0.4807637631893158,0.7101732492446899,1,1
paper,./test/droh_real2d_wristnorm/paper/IMG_7781.npy,1,0,0,0.0,0.9999971389770508,-0.6791884899139404,1.7156033515930176,0.4828784167766571,0.7289140224456787,1,1
paper,./test/droh_real2d_wristnorm/paper/IMG_7850.npy,1,0,0,0.0,0.9999971985816956,-0.8247188329696655,1.7212063074111938,0.4749923348426819,0.7178255915641785,1,1
paper,./test/droh_real2d_wristnorm/paper/IMG_7882.npy,1,0,0,0.0,0.9999971985816956,-1.0916647911071777,1.916404366493225,0.3095506429672241,0.8863340616226196,1,1
paper,./test/droh_real2d_wristnorm/paper/IMG_7883.npy,1,0,0,0.0,0.9999959468841553,-1.1919814348220825,2.098896026611328,0.19191105663776398,1.0576287508010864,1,1
paper,./test/droh_real2d_wristnorm/paper/IMG_7884.npy,1,0,0,0.0,0.9999967217445374,-1.424437403678894,2.018728256225586,0.15994000434875488,1.0558280944824219,1,1
paper,./test/droh_real2d_wristnorm/paper/IMG_7885.npy,1,0,0,0.0,0.9999967217445374,-0.9936922192573547,1.8146066665649414,0.30617406964302063,0.8885889649391174,1,1
paper,./test/droh_real2d_wristnorm/paper/IMG_7946.npy,1,0,0,0.0,0.9999969601631165,-1.0072630643844604,2.3139872550964355,0.49665677547454834,0.9767865538597107,1,1
paper,./test/droh_real2d_wristnorm/paper/IMG_7947.npy,1,0,0,0.0,0.9999966025352478,-2.136762857437134,1.9401521682739258,-0.25935548543930054,1.1691731214523315,1,1
paper,./test/droh_real2d_wristnorm/paper/IMG_7977.npy,1,0,0,0.0,0.9999971985816956,-1.1689006090164185,1.6291649341583252,0.18822970986366272,0.8813564777374268,1,1
paper,./test/droh_real2d_wristnorm/paper/IMG_7979.npy,1,0,0,0.0,0.9999973177909851,-0.7269079089164734,1.6692285537719727,0.3788006007671356,0.813260018825531,1,1
paper,./test/droh_real2d_wristnorm/paper/IMG_8042.npy,1,0,0,0.0,0.9999955296516418,-0.42455971240997314,2.198019504547119,0.9899712800979614,0.6439255475997925,1,1
paper,./test/droh_real2d_wristnorm/paper/IMG_8043.npy,1,0,0,0.0,0.9999966621398926,-0.154279887676239,2.2140793800354004,0.9316175580024719,0.6287757754325867,1,1
paper,./test/droh_real2d_wristnorm/paper/IMG_8044.npy,1,0,0,0.0,0.9999960064888,-0.03592206910252571,2.2324836254119873,0.9209237694740295,0.6329038143157959,1,1
paper,./test/droh_real2d_wristnorm/paper/IMG_8073.npy,1,0,0,0.0,0.999997079372406,-0.4070623219013214,2.1174702644348145,0.624351978302002,0.7577430009841919,1,1
paper,./test/droh_real2d_wristnorm/paper/IMG_8075.npy,1,0,0,0.0,0.9999955296516418,-1.2453272342681885,2.4263296127319336,0.44756612181663513,1.0534604787826538,1,1
paper,./test/droh_real2d_wristnorm/paper/IMG_8105.npy,1,0,0,0.0,0.9999971389770508,-0.5679770708084106,1.791650652885437,0.5872395634651184,0.6579493284225464,1,1
paper,./test/droh_real2d_wristnorm/paper/IMG_8106.npy,1,0,0,0.0,0.9999969601631165,-0.401960164308548,1.9677568674087524,0.6499018669128418,0.6295475959777832,1,1
paper,./test/droh_real2d_wristnorm/paper/IMG_8139.npy,1,0,0,0.0,0.9999963045120239,-1.7593480348587036,0.4324342608451843,-0.8199945092201233,0.544684112071991,1,1
paper,./test/droh_real2d_wristnorm/paper/IMG_8174.npy,1,0,0,0.0,0.9999966025352478,-1.911358118057251,2.292928457260132,0.46617865562438965,1.04215407371521,1,1
rock,./test/droh_real2d_wristnorm/rock/IMG_6254.npy,1,0,0,0.0,0.9999956488609314,-1.1810046434402466,0.8557249307632446,-0.28790849447250366,0.4573047161102295,1,1
rock,./test/droh_real2d_wristnorm/rock/IMG_6265.npy,1,0,0,0.0,0.9999971389770508,-1.1231904029846191,0.6538514494895935,-0.3210800588130951,0.4629290699958801,1,1
rock,./test/droh_real2d_wristnorm/rock/IMG_6266.npy,1,0,0,0.0,0.9999969005584717,-1.1311721801757812,0.5390876531600952,-0.44779664278030396,0.4048359990119934,1,1
rock,./test/droh_real2d_wristnorm/rock/IMG_6267.npy,1,0,0,0.0,0.9999969005584717,-1.1268812417984009,0.5320267081260681,-0.4474247097969055,0.403160035610199,1,1
rock,./test/droh_real2d_wristnorm/rock/IMG_6271.npy,1,0,0,0.0,0.9999964833259583,-1.3285479545593262,0.46312007308006287,-0.5369685888290405,0.48881688714027405,1,1
rock,./test/droh_real2d_wristnorm/rock/IMG_6272.npy,1,0,0,0.0,0.999996542930603,-1.2487648725509644,0.09376652538776398,-0.678154468536377,0.3578636944293976,1,1
rock,./test/droh_real2d_wristnorm/rock/IMG_6318.npy,1,0,0,0.0,0.9999945759773254,-1.605608582496643,0.5737065076828003,-0.651835560798645,0.5717571973800659,1,1
rock,./test/droh_real2d_wristnorm/rock/IMG_6321.npy,1,0,0,0.0,0.9999954104423523,-0.3547029197216034,1.0266988277435303,0.26342999935150146,0.33933085203170776,1,1
rock,./test/droh_real2d_wristnorm/rock/IMG_6345.npy,1,0,0,0.0,0.9999957084655762,-1.341874122619629,0.47326958179473877,-0.5301741361618042,0.500764787197113,1,1
rock,./test/droh_real2d_wristnorm/rock/IMG_6346.npy,1,0,0,0.0,0.9999959468841553,-1.0878170728683472,0.6171020865440369,-0.33946001529693604,0.4878693222999573,1,1
rock,./test/droh_real2d_wristnorm/rock/IMG_6348.npy,1,0,0,0.0,0.9999971985816956,-1.2802042961120605,0.7527589797973633,-0.4462257921695709,0.5826785564422607,1,1
rock,./test/droh_real2d_wristnorm/rock/IMG_6349.npy,1,0,0,0.0,0.9999971389770508,-1.1885989904403687,0.6771072745323181,-0.3529146611690521,0.5249176621437073,1,1
rock,./test/droh_real2d_wristnorm/rock/IMG_6384.npy,1,0,0,0.0,0.9999961853027344,0.0,1.3210039138793945,0.6370800733566284,0.38853347301483154,1,1
rock,./test/droh_real2d_wristnorm/rock/IMG_6385.npy,1,0,0,0.0,0.9999948740005493,-1.0440696477890015,0.9997879862785339,-0.12034829705953598,0.49661603569984436,1,1
rock,./test/droh_real2d_wristnorm/rock/IMG_6417.npy,1,0,0,0.0,0.9999955892562866,-1.3523616790771484,1.042860746383667,-0.13630910217761993,0.6994240283966064,1,1
rock,./test/droh_real2d_wristnorm/rock/IMG_6418.npy,1,0,0,0.0,0.9999951720237732,-0.8269765377044678,1.8024853467941284,0.3706172704696655,0.8504769802093506,1,1
rock,./test/droh_real2d_wristnorm/rock/IMG_6420.npy,1,0,0,0.0,0.9999967813491821,-1.010132074356079,0.9768657088279724,0.019232159480452538,0.6405395865440369,1,1
rock,./test/droh_real2d_wristnorm/rock/IMG_6460.npy,1,0,0,0.0,0.9999967217445374,-0.5907754898071289,1.2019888162612915,0.35647788643836975,0.49953097105026245,1,1
rock,./test/droh_real2d_wristnorm/rock/IMG_6499.npy,1,0,0,0.0,0.9999964237213135,-1.2111777067184448,0.0,-0.5522060394287109,0.2883473038673401,1,1
rock,./test/droh_real2d_wristnorm/rock/IMG_6500.npy,1,0,0,0.0,0.9999958872795105,-1.3699066638946533,0.0,-0.7600853443145752,0.32657483220100403,1,1
rock,./test/droh_real2d_wristnorm/rock/IMG_6502.npy,1,0,0,0.0,0.999997615814209,-1.1626919507980347,0.08130645006895065,-0.5540169477462769,0.3732077181339264,1,1
rock,./test/droh_real2d_wristnorm/rock/IMG_6503.npy,1,0,0,0.0,0.9999961853027344,-1.3949240446090698,0.10732336342334747,-0.5113916993141174,0.39403998851776123,1,1
rock,./test/droh_real2d_wristnorm/rock/IMG_6541.npy,1,0,0,0.0,0.9999958276748657,-1.5304930210113525,0.031850479543209076,-0.8292234539985657,0.44251537322998047,1,1
rock,./test/droh_real2d_wristnorm/rock/IMG_6543.npy,1,0,0,0.0,0.9999955892562866,-0.4095280170440674,1.3221534490585327,0.3984103798866272,0.5282546281814575,1,1
rock,./test/droh_real2d_wristnorm/rock/IMG_6574.npy,1,0,0,0.0,0.9999971389770508,-1.1719777584075928,0.2831308841705322,-0.5153750777244568,0.38080620765686035,1,1
rock,./test/droh_real2d_wristnorm/rock/IMG_6575.npy,1,0,0,0.0,0.9999975562095642,-0.1138794869184494,1.4143633842468262,0.5163124203681946,0.39824178814888,1,1
rock,./test/droh_real2d_wristnorm/rock/IMG_6611.npy,1,0,0,0.0,0.9999951124191284,-0.5160691738128662,1.6603089570999146,0.6412862539291382,0.6154452562332153,1,1
rock,./test/droh_real2d_wristnorm/rock/IMG_6641.npy,1,0,0,0.0,0.9999971389770508,-1.3881144523620605,0.5980718731880188,-0.46202462911605835,0.49369755387306213,1,1
rock,./test/droh_real2d_wristnorm/rock/IMG_6700.npy,1,0,0,0.0,0.9999967813491821,-1.1061726808547974,0.022412829101085663,-0.6308069229125977,0.3182159662246704,1,1
rock,./test/droh_real2d_wristnorm/rock/IMG_6701.npy,1,0,0,0.0,0.9999973773956299,-1.2003898620605469,0.11657566577196121,-0.6683804392814636,0.3089577853679657,1,1
rock,./test/droh_real2d_wristnorm/rock/IMG_6720.npy,1,0,0,0.0,0.9999973177909851,-1.2938538789749146,0.25190600752830505,-0.5738691687583923,0.4490945339202881,1,1
rock,./test/droh_real2d_wristnorm/rock/IMG_6723.npy,1,0,0,0.0,0.9999974370002747,-1.003164291381836,0.9365302324295044,-0.04553772136569023,0.6117201447486877,1,1
rock,./test/droh_real2d_wristnorm/rock/IMG_6765.npy,1,0,0,0.0,0.9999967217445374,-1.4081494808197021,0.24633455276489258,-0.6806138157844543,0.41376322507858276,1,1
rock,./test/droh_real2d_wristnorm/rock/IMG_6793.npy,1,0,0,0.0,0.9999953508377075,-1.3051855564117432,0.3087446689605713,-0.7035683393478394,0.40288421511650085,1,1
rock,./test/droh_real2d_wristnorm/rock/IMG_6794.npy,1,0,0,0.0,0.9999960064888,-1.3201643228530884,0.10590987652540207,-0.5976645350456238,0.4345245659351349,1,1
rock,./test/droh_real2d_wristnorm/rock/IMG_6796.npy,1,0,0,0.0,0.9999959468841553,-1.304524540901184,0.06751571595668793,-0.6725582480430603,0.3885993957519531,1,1
rock,./test/droh_real2d_wristnorm/rock/IMG_6821.npy,1,0,0,0.0,0.9999949336051941,-1.0363264083862305,0.998663067817688,-0.03579188883304596,0.515500545501709,1,1
rock,./test/droh_real2d_wristnorm/rock/IMG_6822.npy,1,0,0,0.0,0.9999902844429016,-0.5365636944770813,3.0594000816345215,1.3785561323165894,0.9489712715148926,1,1
rock,./test/droh_real2d_wristnorm/rock/IMG_6824.npy,1,0,0,0.0,0.9999962449073792,-1.006923794746399,0.780714750289917,-0.22441503405570984,0.4568083584308624,1,1
rock,./test/droh_real2d_wristnorm/rock/IMG_6851.npy,1,0,0,0.0,0.9999945163726807,-2.0757687091827393,1.4495816230773926,0.009827809408307076,1.1070795059204102,1,1
rock,./test/droh_real2d_wristnorm/rock/IMG_6853.npy,1,0,0,0.0,0.9999950528144836,-1.7611616849899292,0.18066027760505676,-0.9211679100990295,0.4944126307964325,1,1
rock,./test/droh_real2d_wristnorm/rock/IMG_6855.npy,1,0,0,0.0,0.9999810457229614,-7.1247334480285645,2.787513017654419,-1.707755446434021,2.628075122833252,1,1
rock,./test/droh_real2d_wristnorm/rock/IMG_6900.npy,1,0,0,0.0,0.9999923706054688,-1.8900099992752075,1.68555748462677,-0.1524437665939331,0.9279496073722839,1,1
rock,./test/droh_real2d_wristnorm/rock/IMG_6902.npy,1,0,0,0.0,0.9999971985816956,-0.21913251280784607,1.246846318244934,0.3957289159297943,0.34552597999572754,1,1
rock,./test/droh_real2d_wristnorm/rock/IMG_6904.npy,1,0,0,0.0,0.9999819993972778,-4.901840686798096,4.991631031036377,0.4103798568248749,3.180774450302124,1,1
rock,./test/droh_real2d_wristnorm/rock/IMG_6924.npy,1,0,0,0.0,0.9999933838844299,-1.0952714681625366,1.1449519395828247,-0.1487816423177719,0.5520148277282715,1,1
rock,./test/droh_real2d_wristnorm/rock/IMG_6925.npy,1,0,0,0.0,0.9999933838844299,-2.7069835662841797,1.461663007736206,-0.3102134168148041,1.2329716682434082,1,1
rock,./test/droh_real2d_wristnorm/rock/IMG_6927.npy,1,0,0,0.0,0.9999967813491821,-1.2331410646438599,0.947407066822052,-0.16461221873760223,0.585507869720459,1,1
rock,./test/droh_real2d_wristnorm/rock/IMG_6954.npy,1,0,0,0.0,0.9999960064888,-1.0455830097198486,1.0402326583862305,-0.1460685431957245,0.457889199256897,1,1
rock,./test/droh_real2d_wristnorm/rock/IMG_6955.npy,1,0,0,0.0,0.9999892711639404,-4.038827896118164,0.9507992267608643,-1.6085695028305054,1.3337880373001099,1,1
rock,./test/droh_real2d_wristnorm/rock/IMG_6984.npy,1,0,0,0.0,0.9999945759773254,-1.5437260866165161,0.5580244064331055,-0.5319817662239075,0.4944317936897278,1,1
rock,./test/droh_real2d_wristnorm/rock/IMG_6987.npy,1,0,0,0.0,0.9999971985816956,-0.9928914904594421,0.9126339554786682,-0.0973561629652977,0.6080629229545593,1,1
rock,./test/droh_real2d_wristnorm/rock/IMG_7019.npy,1,0,0,0.0,0.9999943971633911,0.0,1.2658846378326416,0.7693992853164673,0.3676450550556183,1,1
rock,./test/droh_real2d_wristnorm/rock/IMG_7023.npy,1,0,0,0.0,0.9999942183494568,0.0,1.2380540370941162,0.7407299876213074,0.3354243040084839,1,1
rock,./test/droh_real2d_wristnorm/rock/IMG_7054.npy,1,0,0,0.0,0.9999973177909851,-1.4526079893112183,0.407259076833725,-0.6065974235534668,0.5404353141784668,1,1
rock,./test/droh_real2d_wristnorm/rock/IMG_7212.npy,1,0,0,0.0,0.9999970197677612,-0.09324410557746887,1.3551040887832642,0.6156917214393616,0.35398051142692566,1,1
rock,./test/droh_real2d_wristnorm/rock/IMG_7213.npy,1,0,0,0.0,0.9999968409538269,-0.03994035720825195,1.2990787029266357,0.733356773853302,0.32095593214035034,1,1
rock,./test/droh_real2d_wristnorm/rock/IMG_7214.npy,1,0,0,0.0,0.9999891519546509,-0.339915007352829,4.110705375671387,1.926674246788025,1.1428554058074951,1,1
rock,./test/droh_real2d_wristnorm/rock/IMG_7244.npy,1,0,0,0.0,0.9999973773956299,-0.11745349317789078,1.3649039268493652,0.488213449716568,0.43486329913139343,1,1
rock,./test/droh_real2d_wristnorm/rock/IMG_7245.npy,1,0,0,0.0,0.9999967217445374,-0.05045497417449951,1.3323407173156738,0.7406518459320068,0.3488711416721344,1,1
rock,./test/droh_real2d_wristnorm/rock/IMG_7279.npy,1,0,0,0.0,0.9999908804893494,-3.726386070251465,0.5210932493209839,-1.650434970855713,1.1067893505096436,1,1
rock,./test/droh_real2d_wristnorm/rock/IMG_7305.npy,1,0,0,0.0,0.999997615814209,-0.30809518694877625,1.4547710418701172,0.4621184766292572,0.4849182367324829,1,1
rock,./test/droh_real2d_wristnorm/rock/IMG_7307.npy,1,0,0,0.0,0.9999971985816956,-0.24680866301059723,1.2028071880340576,0.5026375651359558,0.40452152490615845,1,1
rock,./test/droh_real2d_wristnorm/rock/IMG_7308.npy,1,0,0,0.0,0.9999973177909851,-0.11303046345710754,1.1395992040634155,0.6160736083984375,0.3331834077835083,1,1
rock,./test/droh_real2d_wristnorm/rock/IMG_7309.npy,1,0,0,0.0,0.9999777674674988,-1.7173805236816406,7.017342567443848,2.7801601886749268,2.3829774856567383,1,1
rock,./test/droh_real2d_wristnorm/rock/IMG_7337.npy,1,0,0,0.0,0.9999973773956299,-1.0419329404830933,0.9323230385780334,0.0854029729962349,0.6429166197776794,1,1
rock,./test/droh_real2d_wristnorm/rock/IMG_7338.npy,1,0,0,0.0,0.999997615814209,-0.04271245002746582,0.9758278727531433,0.5198546648025513,0.24763475358486176,1,1
rock,./test/droh_real2d_wristnorm/rock/IMG_7340.npy,1,0,0,0.0,0.9999910593032837,-1.675962209701538,3.1514484882354736,1.1541866064071655,1.3142658472061157,1,1
rock,./test/droh_real2d_wristnorm/rock/IMG_7370.npy,1,0,0,0.0,0.9999974966049194,-1.041142225265503,0.0,-0.5563556551933289,0.3287407159805298,1,1
rock,./test/droh_real2d_wristnorm/rock/IMG_7371.npy,1,0,0,0.0,0.9999976754188538,-1.1347464323043823,0.07136337459087372,-0.541280210018158,0.34650930762290955,1,1
rock,./test/droh_real2d_wristnorm/rock/IMG_7373.npy,1,0,0,0.0,0.9999970197677612,-1.402963399887085,0.42409226298332214,-0.4256233870983124,0.5612267851829529,1,1
rock,./test/droh_real2d_wristnorm/rock/IMG_7402.npy,1,0,0,0.0,0.9999974370002747,-0.5509634017944336,1.566960334777832,0.4128778874874115,0.6188598871231079,1,1
rock,./test/droh_real2d_wristnorm/rock/IMG_7404.npy,1,0,0,0.0,0.9999975562095642,-0.36360499262809753,1.3457536697387695,0.42111942172050476,0.5403828024864197,1,1
rock,./test/droh_real2d_wristnorm/rock/IMG_7433.npy,1,0,0,0.0,0.9999960660934448,0.0,1.1355658769607544,0.5791435241699219,0.25397613644599915,1,1
rock,./test/droh_real2d_wristnorm/rock/IMG_7436.npy,1,0,0,0.0,0.9999933838844299,-1.539490818977356,1.5445088148117065,0.1339973658323288,0.6827437281608582,1,1
rock,./test/droh_real2d_wristnorm/rock/IMG_7470.npy,1,0,0,0.0,0.9999955892562866,-2.068902015686035,0.040135711431503296,-1.035738229751587,0.6309821605682373,1,1
rock,./test/droh_real2d_wristnorm/rock/IMG_7502.npy,1,0,0,0.0,0.9999962449073792,-0.3292839825153351,1.1906459331512451,0.5594506859779358,0.40967297554016113,1,1
rock,./test/droh_real2d_wristnorm/rock/IMG_7503.npy,1,0,0,0.0,0.9999971389770508,0.0,1.0225021839141846,0.5240042209625244,0.22891919314861298,1,1
rock,./test/droh_real2d_wristnorm/rock/IMG_7506.npy,1,0,0,0.0,0.9999853372573853,-2.3901076316833496,2.5486996173858643,0.09695911407470703,1.411188006401062,1,1
rock,./test/droh_real2d_wristnorm/rock/IMG_7539.npy,1,0,0,0.0,0.999993622303009,-1.626937985420227,2.6112542152404785,0.7577894926071167,1.1241419315338135,1,1
rock,./test/droh_real2d_wristnorm/rock/IMG_7568.npy,1,0,0,0.0,0.9999975562095642,-0.8861191868782043,1.0402706861495972,0.18571017682552338,0.5266129374504089,1,1
rock,./test/droh_real2d_wristnorm/rock/IMG_7571.npy,1,0,0,0.0,0.9999933242797852,-4.131414413452148,1.3636958599090576,-0.8347554206848145,1.701433777809143,1,1
rock,./test/droh_real2d_wristnorm/rock/IMG_7603.npy,1,0,0,0.0,0.9999966025352478,-1.1267012357711792,0.0,-0.5938882827758789,0.3561994433403015,1,1
rock,./test/droh_real2d_wristnorm/rock/IMG_7635.npy,1,0,0,0.0,0.999996542930603,-0.5911970138549805,1.3971680402755737,0.3497077524662018,0.595527172088623,1,1
rock,./test/droh_real2d_wristnorm/rock/IMG_7636.npy,1,0,0,0.0,0.9999935626983643,-2.1114983558654785,0.36561277508735657,-0.998694658279419,0.6299614906311035,1,1
rock,./test/droh_real2d_wristnorm/rock/IMG_7637.npy,1,0,0,0.0,0.9999933838844299,-2.0460550785064697,0.34869465231895447,-1.035788893699646,0.6343710422515869,1,1
rock,./test/droh_real2d_wristnorm/rock/IMG_7638.npy,1,0,0,0.0,0.9999934434890747,-2.0529744625091553,0.08158180117607117,-1.095426082611084,0.6439423561096191,1,1
rock,./test/droh_real2d_wristnorm/rock/IMG_7639.npy,1,0,0,0.0,0.999992847442627,-2.1414692401885986,0.3144201338291168,-1.0916178226470947,0.6641311049461365,1,1
rock,./test/droh_real2d_wristnorm/rock/IMG_7680.npy,1,0,0,0.0,0.9999967217445374,0.0,1.0098824501037598,0.5034332275390625,0.24394333362579346,1,1
rock,./test/droh_real2d_wristnorm/rock/IMG_7716.npy,1,0,0,0.0,0.9999935626983643,-1.6391575336456299,0.9709211587905884,-0.07402605563402176,0.6883938908576965,1,1
rock,./test/droh_real2d_wristnorm/rock/IMG_7741.npy,1,0,0,0.0,0.9999971985816956,-0.36872220039367676,1.296939730644226,0.44597554206848145,0.4727518558502197,1,1
rock,./test/droh_real2d_wristnorm/rock/IMG_7742.npy,1,0,0,0.0,0.9999972581863403,-0.29305291175842285,1.1643801927566528,0.44683170318603516,0.41718971729278564,1,1
rock,./test/droh_real2d_wristnorm/rock/IMG_7744.npy,1,0,0,0.0,0.9999969601631165,-0.040777504444122314,1.3905237913131714,0.6398447751998901,0.34075838327407837,1,1
rock,./test/droh_real2d_wristnorm/rock/IMG_7772.npy,1,0,0,0.0,0.9999963641166687,-0.6444178819656372,1.3541761636734009,0.32745227217674255,0.6368011236190796,1,1
rock,./test/droh_real2d_wristnorm/rock/IMG_7838.npy,1,0,0,0.0,0.9999968409538269,-0.22094763815402985,1.3728654384613037,0.46576830744743347,0.4858967959880829,1,1
rock,./test/droh_real2d_wristnorm/rock/IMG_7873.npy,1,0,0,0.0,0.9999974370002747,-1.0301026105880737,0.023868385702371597,-0.5133765339851379,0.32417285442352295,1,1
rock,./test/droh_real2d_wristnorm/rock/IMG_7875.npy,1,0,0,0.0,0.9999977946281433,-1.2544430494308472,0.13360056281089783,-0.47473153471946716,0.4688877463340759,1,1
rock,./test/droh_real2d_wristnorm/rock/IMG_7876.npy,1,0,0,0.0,0.9999912977218628,-2.4417078495025635,1.4380570650100708,-0.8942373394966125,0.969387412071228,1,1
rock,./test/droh_real2d_wristnorm/rock/IMG_7907.npy,1,0,0,0.0,0.9999977946281433,-1.1957560777664185,0.22571247816085815,-0.4600386321544647,0.386267751455307,1,1
rock,./test/droh_real2d_wristnorm/rock/IMG_7937.npy,1,0,0,0.0,0.999998152256012,-1.096518874168396,0.07630676031112671,-0.514557957649231,0.361857146024704,1,1
rock,./test/droh_real2d_wristnorm/rock/IMG_7939.npy,1,0,0,0.0,0.9999939799308777,-0.9268921613693237,1.9611252546310425,0.4898611307144165,0.9948718547821045,1,1
rock,./test/droh_real2d_wristnorm/rock/IMG_7970.npy,1,0,0,0.0,0.9999963641166687,-1.443650245666504,1.561403751373291,0.10398552566766739,0.9570465683937073,1,1
rock,./test/droh_real2d_wristnorm/rock/IMG_7971.npy,1,0,0,0.0,0.999997615814209,-0.580004096031189,1.2016940116882324,0.34688490629196167,0.5652444958686829,1,1
rock,./test/droh_real2d_wristnorm/rock/IMG_8002.npy,1,0,0,0.0,0.9999967813491821,-0.47279924154281616,1.1041369438171387,0.27211838960647583,0.5640745759010315,1,1
rock,./test/droh_real2d_wristnorm/rock/IMG_8032.npy,1,0,0,0.0,0.9999980330467224,0.0,1.1124025583267212,0.5487955808639526,0.25718215107917786,1,1
rock,./test/droh_real2d_wristnorm/rock/IMG_8065.npy,1,0,0,0.0,0.9999979138374329,-1.200042724609375,0.28804516792297363,-0.46791693568229675,0.4623137414455414,1,1
rock,./test/droh_real2d_wristnorm/rock/IMG_8066.npy,1,0,0,0.0,0.9999979138374329,-1.2322098016738892,0.591833233833313,-0.3219415545463562,0.5835303664207458,1,1
rock,./test/droh_real2d_wristnorm/rock/IMG_8068.npy,1,0,0,0.0,0.9999914169311523,-0.7060414552688599,2.3666434288024902,0.9414946436882019,0.8171970844268799,1,1
rock,./test/droh_real2d_wristnorm/rock/IMG_8100.npy,1,0,0,0.0,0.999997615814209,-0.4839983582496643,1.1641498804092407,0.2861711084842682,0.5176698565483093,1,1
scissors,./test/droh_real2d_wristnorm/scissors/IMG_6281.npy,1,0,0,0.0,0.9999922513961792,-1.8803060054779053,1.5761269330978394,0.15939213335514069,0.8075472712516785,1,1
scissors,./test/droh_real2d_wristnorm/scissors/IMG_6283.npy,1,0,0,0.0,0.9999957084655762,-1.8670003414154053,0.7576924562454224,-0.41953855752944946,0.5645933747291565,1,1
scissors,./test/droh_real2d_wristnorm/scissors/IMG_6284.npy,1,0,0,0.0,0.9999963045120239,-1.8798421621322632,0.5167425274848938,-0.41116800904273987,0.5484009981155396,1,1
scissors,./test/droh_real2d_wristnorm/scissors/IMG_6285.npy,1,0,0,0.0,0.9999951124191284,-2.507735252380371,1.3305100202560425,-0.5553747415542603,0.810881495475769,1,1
scissors,./test/droh_real2d_wristnorm/scissors/IMG_6286.npy,1,0,0,0.0,0.9999352693557739,-23.434892654418945,7.6150102615356445,-2.640979766845703,6.184243202209473,1,1
scissors,./test/droh_real2d_wristnorm/scissors/IMG_6311.npy,1,0,0,0.0,0.9999958872795105,-1.3453346490859985,1.915818691253662,0.11307718604803085,0.6839802265167236,1,1
scissors,./test/droh_real2d_wristnorm/scissors/IMG_6316.npy,1,0,0,0.0,0.9999879002571106,-4.404234886169434,0.9488592743873596,-0.9320874214172363,1.1199517250061035,1,1
scissors,./test/droh_real2d_wristnorm/scissors/IMG_6351.npy,1,0,0,0.0,0.9999962449073792,-1.9325857162475586,0.7521191239356995,-0.374779611825943,0.7346025705337524,1,1
scissors,./test/droh_real2d_wristnorm/scissors/IMG_6352.npy,1,0,0,0.0,0.9999908208847046,-0.1080719530582428,3.674647092819214,1.169429063796997,0.8363555073738098,1,1
scissors,./test/droh_real2d_wristnorm/scissors/IMG_6386.npy,1,0,0,0.0,0.9999969005584717,-0.17578832805156708,1.9978710412979126,0.5434502363204956,0.5697804093360901,1,1
scissors,./test/droh_real2d_wristnorm/scissors/IMG_6387.npy,1,0,0,0.0,0.9999964833259583,-0.03904601186513901,2.3211565017700195,0.7092441916465759,0.6540447473526001,1,1
scissors,./test/droh_real2d_wristnorm/scissors/IMG_6389.npy,1,0,0,0.0,0.9999967813491821,-0.3306370973587036,1.9658838510513306,0.46503257751464844,0.6661857962608337,1,1
scissors,./test/droh_real2d_wristnorm/scissors/IMG_6390.npy,1,0,0,0.0,0.9999896883964539,-1.629568338394165,2.6848950386047363,0.6148985624313354,1.0186996459960938,1,1
scissors,./test/droh_real2d_wristnorm/scissors/IMG_6423.npy,1,0,0,0.0,0.9999961853027344,-1.6334391832351685,1.3059191703796387,-0.14578337967395782,0.8178567886352539,1,1
scissors,./test/droh_real2d_wristnorm/scissors/IMG_6424.npy,1,0,0,0.0,0.9999963641166687,-1.2415624856948853,2.2807018756866455,0.20107321441173553,0.9151530861854553,1,1
scissors,./test/droh_real2d_wristnorm/scissors/IMG_6425.npy,1,0,0,0.0,0.9999926090240479,-2.3002851009368896,1.761523723602295,-0.2894410490989685,1.1307368278503418,1,1
scissors,./test/droh_real2d_wristnorm/scissors/IMG_6461.npy,1,0,0,0.0,0.9999953508377075,-0.8858316540718079,2.7374863624572754,0.5684353709220886,0.703637957572937,1,1
scissors,./test/droh_real2d_wristnorm/scissors/IMG_6463.npy,1,0,0,0.0,0.9999971389770508,-0.25310951471328735,2.067516565322876,0.7414843440055847,0.5247659087181091,1,1
scissors,./test/droh_real2d_wristnorm/scissors/IMG_6494.npy,1,0,0,0.0,0.9999919533729553,-2.9373409748077393,1.6812803745269775,-0.35957103967666626,0.8552343845367432,1,1
scissors,./test/droh_real2d_wristnorm/scissors/IMG_6495.npy,1,0,0,0.0,0.9999960660934448,-1.943279504776001,0.5722185969352722,-0.5988588333129883,0.45454880595207214,1,1
scissors,./test/droh_real2d_wristnorm/scissors/IMG_6534.npy,1,0,0,0.0,0.9999960660934448,-0.7569342255592346,2.0292584896087646,0.42566439509391785,0.6273778676986694,1,1
scissors,./test/droh_real2d_wristnorm/scissors/IMG_6538.npy,1,0,0,0.0,0.9999954104423523,-2.3163607120513916,0.7209087610244751,-0.36098620295524597,0.650451123714447,1,1
scissors,./test/droh_real2d_wristnorm/scissors/IMG_6577.npy,1,0,0,0.0,0.9999962449073792,-2.260812520980835,1.0390498638153076,-0.2755392789840698,0.8424040675163269,1,1
scissors,./test/droh_real2d_wristnorm/scissors/IMG_6614.npy,1,0,0,0.0,0.999994158744812,-0.6891602277755737,2.448673725128174,0.5789610743522644,0.7615681886672974,1,1
scissors,./test/droh_real2d_wristnorm/scissors/IMG_6616.npy,1,0,0,0.0,0.9999949336051941,-0.3726789355278015,2.427762031555176,0.7635915875434875,0.6799622178077698,1,1
scissors,./test/droh_real2d_wristnorm/scissors/IMG_6650.npy,1,0,0,0.0,0.9999964237213135,-1.527957558631897,1.7429691553115845,0.0583532378077507,0.7660773396492004,1,1
scissors,./test/droh_real2d_wristnorm/scissors/IMG_6729.npy,1,0,0,0.0,0.9999972581863403,-1.7906721830368042,0.4985449016094208,-0.3662651479244232,0.6634990572929382,1,1
scissors,./test/droh_real2d_wristnorm/scissors/IMG_6730.npy,1,0,0,0.0,0.9999969601631165,-1.9502469301223755,0.4756028950214386,-0.4992823302745819,0.6871539354324341,1,1
scissors,./test/droh_real2d_wristnorm/scissors/IMG_6757.npy,1,0,0,0.0,0.9999943375587463,-3.1350436210632324,0.5060662627220154,-1.138463020324707,0.7958589792251587,1,1
scissors,./test/droh_real2d_wristnorm/scissors/IMG_6827.npy,1,0,0,0.0,0.9999947547912598,-0.05666863173246384,2.293135404586792,0.813048779964447,0.6153340339660645,1,1
scissors,./test/droh_real2d_wristnorm/scissors/IMG_6828.npy,1,0,0,0.0,0.9999942779541016,-2.100385904312134,0.8843235969543457,-0.20530050992965698,0.6874792575836182,1,1
scissors,./test/droh_real2d_wristnorm/scissors/IMG_6858.npy,1,0,0,0.0,0.9999954104423523,-2.3677332401275635,0.0,-0.977667510509491,0.5726406574249268,1,1
scissors,./test/droh_real2d_wristnorm/scissors/IMG_6859.npy,1,0,0,0.0,0.9999899864196777,-2.7229201793670654,1.5318471193313599,-0.93260657787323,0.8859580159187317,1,1
scissors,./test/droh_real2d_wristnorm/scissors/IMG_6905.npy,1,0,0,0.0,0.9999945163726807,-0.13858355581760406,2.6275410652160645,0.7720733880996704,0.5717985033988953,1,1
scissors,./test/droh_real2d_wristnorm/scissors/IMG_6907.npy,1,0,0,0.0,0.9999938607215881,-1.245005488395691,3.3983123302459717,0.7491359710693359,1.1451398134231567,1,1
scissors,./test/droh_real2d_wristnorm/scissors/IMG_6908.npy,1,0,0,0.0,0.9999962449073792,-0.48647114634513855,2.080576181411743,0.5641613006591797,0.5961534976959229,1,1
scissors,./test/droh_real2d_wristnorm/scissors/IMG_6928.npy,1,0,0,0.0,0.9999922513961792,-1.9248076677322388,1.6212546825408936,-0.11822394281625748,0.673903226852417,1,1
scissors,./test/droh_real2d_wristnorm/scissors/IMG_6929.npy,1,0,0,0.0,0.9999947547912598,-2.5307838916778564,2.28838849067688,0.03317258879542351,1.0274889469146729,1,1
scissors,./test/droh_real2d_wristnorm/scissors/IMG_6930.npy,1,0,0,0.0,0.9999963641166687,-0.8882442712783813,1.9583312273025513,0.2915324568748474,0.6326806545257568,1,1
scissors,./test/droh_real2d_wristnorm/scissors/IMG_6931.npy,1,0,0,0.0,0.999995768070221,-1.8916358947753906,1.5281672477722168,-0.06599807739257812,0.7911798357963562,1,1
scissors,./test/droh_real2d_wristnorm/scissors/IMG_6959.npy,1,0,0,0.0,0.99998939037323,-3.3540663719177246,2.2409119606018066,-0.49294933676719666,1.7685532569885254,1,1
scissors,./test/droh_real2d_wristnorm/scissors/IMG_6962.npy,1,0,0,0.0,0.9999960064888,-1.804490566253662,1.3668627738952637,-0.05212829262018204,0.8121756911277771,1,1
scissors,./test/droh_real2d_wristnorm/scissors/IMG_6990.npy,1,0,0,0.0,0.9999950528144836,-2.692272663116455,2.279186725616455,-0.5101582407951355,1.07467520236969,1,1
scissors,./test/droh_real2d_wristnorm/scissors/IMG_6992.npy,1,0,0,0.0,0.9999971389770508,-1.5269057750701904,1.415285587310791,0.07140222191810608,0.6535934805870056,1,1
scissors,./test/droh_real2d_wristnorm/scissors/IMG_7060.npy,1,0,0,0.0,0.9999967813491821,-2.1100986003875732,0.4087235927581787,-0.537460207939148,0.49773168563842773,1,1
scissors,./test/droh_real2d_wristnorm/scissors/IMG_7061.npy,1,0,0,0.0,0.9999963045120239,-2.436671495437622,0.27686938643455505,-0.6564381718635559,0.6210219264030457,1,1
scissors,./test/droh_real2d_wristnorm/scissors/IMG_7063.npy,1,0,0,0.0,0.9999975562095642,-1.9012703895568848,0.4481513202190399,-0.4654226303100586,0.5356054306030273,1,1
scissors,./test/droh_real2d_wristnorm/scissors/IMG_7218.npy,1,0,0,0.0,0.9999966621398926,0.0,1.9704219102859497,0.7815322875976562,0.4521571099758148,1,1
scissors,./test/droh_real2d_wristnorm/scissors/IMG_7219.npy,1,0,0,0.0,0.9999967217445374,-0.17003904283046722,1.704153299331665,0.6196364760398865,0.43497395515441895,1,1
scissors,./test/droh_real2d_wristnorm/scissors/IMG_7220.npy,1,0,0,0.0,0.9999969601631165,-0.05384746938943863,1.8101996183395386,0.5603828430175781,0.4166378974914551,1,1
scissors,./test/droh_real2d_wristnorm/scissors/IMG_7248.npy,1,0,0,0.0,0.999997079372406,-0.045440495014190674,2.07712721824646,0.6620566844940186,0.5023969411849976,1,1
scissors,./test/droh_real2d_wristnorm/scissors/IMG_7281.npy,1,0,0,0.0,0.9999958276748657,-2.1451892852783203,0.17100726068019867,-0.7235217690467834,0.5615290403366089,1,1
scissors,./test/droh_real2d_wristnorm/scissors/IMG_7283.npy,1,0,0,0.0,0.9999946355819702,-1.4173011779785156,1.4013344049453735,-0.18597552180290222,0.5756963491439819,1,1
scissors,./test/droh_real2d_wristnorm/scissors/IMG_7310.npy,1,0,0,0.0,0.999996542930603,-0.2239982783794403,2.698033571243286,0.7719302177429199,0.7589022517204285,1,1
scissors,./test/droh_real2d_wristnorm/scissors/IMG_7341.npy,1,0,0,0.0,0.999996542930603,-0.14608289301395416,2.4409737586975098,0.7388508915901184,0.619858980178833,1,1
scissors,./test/droh_real2d_wristnorm/scissors/IMG_7342.npy,1,0,0,0.0,0.9999969005584717,-0.22808070480823517,2.303852081298828,0.6222289800643921,0.5703231692314148,1,1
scissors,./test/droh_real2d_wristnorm/scissors/IMG_7344.npy,1,0,0,0.0,0.9999966621398926,-0.14341600239276886,1.9416691064834595,0.645196259021759,0.5444340109825134,1,1
scissors,./test/droh_real2d_wristnorm/scissors/IMG_7374.npy,1,0,0,0.0,0.999997079372406,-2.3801026344299316,0.16519126296043396,-0.7013939023017883,0.6023887991905212,1,1
scissors,./test/droh_real2d_wristnorm/scissors/IMG_7376.npy,1,0,0,0.0,0.9999964237213135,-2.044163227081299,0.15654049813747406,-0.81597501039505,0.4830050766468048,1,1
scissors,./test/droh_real2d_wristnorm/scissors/IMG_7378.npy,1,0,0,0.0,0.9999967217445374,-2.0368149280548096,0.0803808718919754,-0.599974513053894,0.5211746692657471,1,1
scissors,./test/droh_real2d_wristnorm/scissors/IMG_7406.npy,1,0,0,0.0,0.9999943971633911,-0.4543842077255249,2.079207420349121,0.9105433225631714,0.6614269614219666,1,1
scissors,./test/droh_real2d_wristnorm/scissors/IMG_7407.npy,1,0,0,0.0,0.999997079372406,-0.6996080279350281,2.017699718475342,0.42943280935287476,0.5338627099990845,1,1
scissors,./test/droh_real2d_wristnorm/scissors/IMG_7408.npy,1,0,0,0.0,0.9999961256980896,-0.13065437972545624,2.3239705562591553,0.7188801765441895,0.5974462032318115,1,1
scissors,./test/droh_real2d_wristnorm/scissors/IMG_7410.npy,1,0,0,0.0,0.9999960064888,-0.6450958251953125,1.8280566930770874,0.47569820284843445,0.6525475382804871,1,1
scissors,./test/droh_real2d_wristnorm/scissors/IMG_7438.npy,1,0,0,0.0,0.9999962449073792,-0.12230866402387619,2.1312177181243896,0.6102567911148071,0.5251469016075134,1,1
scissors,./test/droh_real2d_wristnorm/scissors/IMG_7441.npy,1,0,0,0.0,0.9999956488609314,-0.22449655830860138,1.9944305419921875,0.7241820693016052,0.5955747961997986,1,1
scissors,./test/droh_real2d_wristnorm/scissors/IMG_7472.npy,1,0,0,0.0,0.9999966025352478,-2.2144668102264404,0.06593138724565506,-0.8120049834251404,0.49814003705978394,1,1
scissors,./test/droh_real2d_wristnorm/scissors/IMG_7474.npy,1,0,0,0.0,0.9999971985816956,-2.20983624458313,0.4611717164516449,-0.5142561793327332,0.7101860642433167,1,1
scissors,./test/droh_real2d_wristnorm/scissors/IMG_7509.npy,1,0,0,0.0,0.9999914765357971,-1.4396684169769287,2.5427074432373047,1.0959078073501587,0.9842205047607422,1,1
scissors,./test/droh_real2d_wristnorm/scissors/IMG_7541.npy,1,0,0,0.0,0.9999961853027344,-2.807342767715454,0.7301990389823914,-0.5580563545227051,0.8863730430603027,1,1
scissors,./test/droh_real2d_wristnorm/scissors/IMG_7543.npy,1,0,0,0.0,0.9999966025352478,-0.9937285780906677,2.230201005935669,0.32487356662750244,0.6971722841262817,1,1
scissors,./test/droh_real2d_wristnorm/scissors/IMG_7575.npy,1,0,0,0.0,0.9999895691871643,-6.0984907150268555,2.0364418029785156,-1.1680173873901367,2.029557228088379,1,1
scissors,./test/droh_real2d_wristnorm/scissors/IMG_7608.npy,1,0,0,0.0,0.9999967217445374,-2.1958119869232178,0.27442044019699097,-0.3836619555950165,0.5753410458564758,1,1
scissors,./test/droh_real2d_wristnorm/scissors/IMG_7642.npy,1,0,0,0.0,0.9999966025352478,-0.4155981242656708,1.9945441484451294,0.577855110168457,0.4987202286720276,1,1
scissors,./test/droh_real2d_wristnorm/scissors/IMG_7643.npy,1,0,0,0.0,0.9999966025352478,-0.751498281955719,2.2243387699127197,0.4269242584705353,0.798102080821991,1,1
scissors,./test/droh_real2d_wristnorm/scissors/IMG_7645.npy,1,0,0,0.0,0.9999973773956299,-0.27178582549095154,2.025452136993408,0.5402871966362,0.5989658236503601,1,1
scissors,./test/droh_real2d_wristnorm/scissors/IMG_7648.npy,1,0,0,0.0,0.999995768070221,-0.5483839511871338,1.4613317251205444,0.2928832173347473,0.558800220489502,1,1
scissors,./test/droh_real2d_wristnorm/scissors/IMG_7682.npy,1,0,0,0.0,0.9999963045120239,-0.11191312223672867,1.720571517944336,0.6177748441696167,0.44529882073402405,1,1
scissors,./test/droh_real2d_wristnorm/scissors/IMG_7683.npy,1,0,0,0.0,0.999996542930603,-0.12402749806642532,1.6774230003356934,0.6301667094230652,0.45305919647216797,1,1
scissors,./test/droh_real2d_wristnorm/scissors/IMG_7684.npy,1,0,0,0.0,0.9999969005584717,0.0,1.7792831659317017,0.7018097639083862,0.42132753133773804,1,1
scissors,./test/droh_real2d_wristnorm/scissors/IMG_7708.npy,1,0,0,0.0,0.9999964237213135,-0.48779523372650146,2.231834888458252,0.5415260791778564,0.5007787346839905,1,1
scissors,./test/droh_real2d_wristnorm/scissors/IMG_7710.npy,1,0,0,0.0,0.9999956488609314,-0.08472031354904175,2.2297770977020264,0.7190796732902527,0.5312065482139587,1,1
scissors,./test/droh_real2d_wristnorm/scissors/IMG_7711.npy,1,0,0,0.0,0.9999871253967285,-0.8450496792793274,5.02017879486084,1.6853296756744385,1.436400294303894,1,1
scissors,./test/droh_real2d_wristnorm/scissors/IMG_7745.npy,1,0,0,0.0,0.9999967813491821,-0.5072544813156128,2.186851739883423,0.541833758354187,0.5836146473884583,1,1
scissors,./test/droh_real2d_wristnorm/scissors/IMG_7747.npy,1,0,0,0.0,0.9999966621398926,-0.1346593201160431,1.923156499862671,0.5731167197227478,0.45369359850883484,1,1
scissors,./test/droh_real2d_wristnorm/scissors/IMG_7748.npy,1,0,0,0.0,0.9999971985816956,-0.2810048460960388,2.1856367588043213,0.6058923006057739,0.5620049834251404,1,1
scissors,./test/droh_real2d_wristnorm/scissors/IMG_7776.npy,1,0,0,0.0,0.9999967813491821,-0.8377079367637634,1.7672979831695557,0.3559049665927887,0.6562036871910095,1,1
scissors,./test/droh_real2d_wristnorm/scissors/IMG_7843.npy,1,0,0,0.0,0.9999969005584717,-0.2614239752292633,1.8471617698669434,0.5467532277107239,0.5813806056976318,1,1
scissors,./test/droh_real2d_wristnorm/scissors/IMG_7846.npy,1,0,0,0.0,0.999996542930603,-0.26647526025772095,1.9944385290145874,0.6272010207176208,0.6123446226119995,1,1
scissors,./test/droh_real2d_wristnorm/scissors/IMG_7847.npy,1,0,0,0.0,0.9999967813491821,-0.14269861578941345,1.819022536277771,0.6088871359825134,0.563625156879425,1,1
scissors,./test/droh_real2d_wristnorm/scissors/IMG_7878.npy,1,0,0,0.0,0.9999970197677612,-1.8866955041885376,0.6126534342765808,-0.5088630318641663,0.5110790729522705,1,1
scissors,./test/droh_real2d_wristnorm/scissors/IMG_7880.npy,1,0,0,0.0,0.9999974370002747,-1.808763027191162,0.0,-0.6706439256668091,0.4382493197917938,1,1
scissors,./test/droh_real2d_wristnorm/scissors/IMG_7910.npy,1,0,0,0.0,0.9999954104423523,-2.415432929992676,0.17813661694526672,-0.49172264337539673,0.5420715808868408,1,1
scissors,./test/droh_real2d_wristnorm/scissors/IMG_7911.npy,1,0,0,0.0,0.9999971389770508,-2.0289359092712402,0.18272806704044342,-0.6099840998649597,0.49564328789711,1,1
scissors,./test/droh_real2d_wristnorm/scissors/IMG_7912.npy,1,0,0,0.0,0.9999971985816956,-2.124532461166382,0.8832514882087708,-0.4261471927165985,0.5752050280570984,1,1
scissors,./test/droh_real2d_wristnorm/scissors/IMG_7913.npy,1,0,0,0.0,0.9999958872795105,-2.073688507080078,0.7650750875473022,-0.42778509855270386,0.742719292640686,1,1
scissors,./test/droh_real2d_wristnorm/scissors/IMG_7940.npy,1,0,0,0.0,0.9999964237213135,-0.7823066711425781,2.164057731628418,0.1300848424434662,0.7615004181861877,1,1
scissors,./test/droh_real2d_wristnorm/scissors/IMG_7941.npy,1,0,0,0.0,0.9999969601631165,-0.6242988109588623,2.281203269958496,0.5311790108680725,0.8105236887931824,1,1
scissors,./test/droh_real2d_wristnorm/scissors/IMG_7942.npy,1,0,0,0.0,0.9999975562095642,-0.22500678896903992,2.0725486278533936,0.5495871305465698,0.6167952418327332,1,1
scissors,./test/droh_real2d_wristnorm/scissors/IMG_7972.npy,1,0,0,0.0,0.9999972581863403,-0.9985471367835999,1.756495714187622,0.2519676983356476,0.6540666818618774,1,1
scissors,./test/droh_real2d_wristnorm/scissors/IMG_8007.npy,1,0,0,0.0,0.9999969601631165,-0.9486735463142395,1.8661763668060303,0.3207230865955353,0.662044107913971,1,1
scissors,./test/droh_real2d_wristnorm/scissors/IMG_8008.npy,1,0,0,0.0,0.9999961256980896,-1.160856008529663,1.649884819984436,0.13698169589042664,0.6531689763069153,1,1
scissors,./test/droh_real2d_wristnorm/scissors/IMG_8038.npy,1,0,0,0.0,0.9999973177909851,-0.04799234867095947,1.8659547567367554,0.7189056873321533,0.446771502494812,1,1
scissors,./test/droh_real2d_wristnorm/scissors/IMG_8039.npy,1,0,0,0.0,0.9999939799308777,-0.4407919645309448,3.2217206954956055,1.0179444551467896,0.8464529514312744,1,1
scissors,./test/droh_real2d_wristnorm/scissors/IMG_8070.npy,1,0,0,0.0,0.9999971389770508,-1.043285608291626,1.974324107170105,0.3480052649974823,0.7496361136436462,1,1
scissors,./test/droh_real2d_wristnorm/scissors/IMG_8101.npy,1,0,0,0.0,0.9999972581863403,-0.08185973018407822,1.9454104900360107,0.6059244275093079,0.5293945670127869,1,1
scissors,./test/droh_real2d_wristnorm/scissors/IMG_8104.npy,1,0,0,0.0,0.9999964237213135,0.0,1.9075472354888916,0.7416356801986694,0.3868540823459625,1,1
scissors,./test/droh_real2d_wristnorm/scissors/IMG_8132.npy,1,0,0,0.0,0.9999966621398926,-1.4442873001098633,0.2105889618396759,-0.5573188066482544,0.3900028467178345,1,1
scissors,./test/droh_real2d_wristnorm/scissors/IMG_8135.npy,1,0,0,0.0,0.9999960660934448,-1.8801742792129517,0.1816895455121994,-0.6440101265907288,0.5543556809425354,1,1
scissors,./test/droh_real2d_wristnorm/scissors/IMG_8169.npy,1,0,0,0.0,0.9999963045120239,-2.0169334411621094,2.3431742191314697,0.3032420575618744,0.9426405429840088,1,1
scissors,./test/droh_real2d_wristnorm/scissors/IMG_8170.npy,1,0,0,0.0,0.9999960660934448,-1.234447717666626,0.8352515697479248,-0.32217836380004883,0.5250018835067749,1,1
scissors,./test/droh_real2d_wristnorm/scissors/IMG_8171.npy,1,0,0,0.0,0.9999907612800598,-3.9976391792297363,0.859241783618927,-0.8522299528121948,1.0978437662124634,1,1
the-finger,./test/droh_real2d_wristnorm/the-finger/IMG_6304.npy,1,0,0,0.0,0.9999947547912598,-2.6692378520965576,1.1502645015716553,-0.394889235496521,0.9477977752685547,1,1
the-finger,./test/droh_real2d_wristnorm/the-finger/IMG_6308.npy,1,0,0,0.0,0.9999954700469971,-2.3186023235321045,0.36217162013053894,-0.8778766393661499,0.5923329591751099,1,1
the-finger,./test/droh_real2d_wristnorm/the-finger/IMG_6309.npy,1,0,0,0.0,0.9999966621398926,-1.4216359853744507,1.2919564247131348,0.021344196051359177,0.7773280143737793,1,1
the-finger,./test/droh_real2d_wristnorm/the-finger/IMG_6341.npy,1,0,0,0.0,0.9999955892562866,-2.452877998352051,0.9414175748825073,-0.6320846676826477,0.7867467999458313,1,1
the-finger,./test/droh_real2d_wristnorm/the-finger/IMG_6343.npy,1,0,0,0.0,0.9999930262565613,-3.7542762756347656,0.7597677707672119,-1.1229044198989868,0.9949672818183899,1,1
the-finger,./test/droh_real2d_wristnorm/the-finger/IMG_6344.npy,1,0,0,0.0,0.9999948143959045,-0.7249079942703247,1.177915334701538,0.1652415543794632,0.5746577382087708,1,1
the-finger,./test/droh_real2d_wristnorm/the-finger/IMG_6379.npy,1,0,0,0.0,0.9999949932098389,-2.1212358474731445,0.9821342825889587,-0.3053910732269287,0.8411130309104919,1,1
the-finger,./test/droh_real2d_wristnorm/the-finger/IMG_6411.npy,1,0,0,0.0,0.9999970197677612,-0.6853063702583313,1.2196128368377686,0.21891358494758606,0.5658140778541565,1,1
the-finger,./test/droh_real2d_wristnorm/the-finger/IMG_6412.npy,1,0,0,0.0,0.999996542930603,-1.0591981410980225,1.047263741493225,0.0173436738550663,0.6014968156814575,1,1
the-finger,./test/droh_real2d_wristnorm/the-finger/IMG_6413.npy,1,0,0,0.0,0.9999964237213135,-0.11897021532058716,1.4734711647033691,0.5284530520439148,0.38853004574775696,1,1
the-finger,./test/droh_real2d_wristnorm/the-finger/IMG_6414.npy,1,0,0,0.0,0.9999960660934448,0.0,1.5121865272521973,0.6006555557250977,0.3355009853839874,1,1
the-finger,./test/droh_real2d_wristnorm/the-finger/IMG_6416.npy,1,0,0,0.0,0.9999971389770508,-0.3360084593296051,1.6777669191360474,0.6175658702850342,0.45397233963012695,1,1
the-finger,./test/droh_real2d_wristnorm/the-finger/IMG_6451.npy,1,0,0,0.0,0.9999924898147583,-1.8390699625015259,0.8217076659202576,-0.5767285227775574,0.6594762206077576,1,1
the-finger,./test/droh_real2d_wristnorm/the-finger/IMG_6486.npy,1,0,0,0.0,0.9999958872795105,-0.5488476157188416,1.6607741117477417,0.26188406348228455,0.5383210182189941,1,1
the-finger,./test/droh_real2d_wristnorm/the-finger/IMG_6491.npy,1,0,0,0.0,0.9999959468841553,-1.895361304283142,0.7785218358039856,-0.39258331060409546,0.6603716611862183,1,1
the-finger,./test/droh_real2d_wristnorm/the-finger/IMG_6528.npy,1,0,0,0.0,0.9999967217445374,-2.073173761367798,0.7610408663749695,-0.4798291027545929,0.8206489682197571,1,1
the-finger,./test/droh_real2d_wristnorm/the-finger/IMG_6529.npy,1,0,0,0.0,0.9999968409538269,-1.275209665298462,1.6856800317764282,-0.027476035058498383,0.8104134202003479,1,1
the-finger,./test/droh_real2d_wristnorm/the-finger/IMG_6530.npy,1,0,0,0.0,0.9999959468841553,-0.9669163227081299,1.843119502067566,0.2010650932788849,0.7908136248588562,1,1
the-finger,./test/droh_real2d_wristnorm/the-finger/IMG_6531.npy,1,0,0,0.0,0.9999963045120239,-1.7044715881347656,1.7277594804763794,-0.021040156483650208,0.9918612241744995,1,1
the-finger,./test/droh_real2d_wristnorm/the-finger/IMG_6566.npy,1,0,0,0.0,0.9999954700469971,-2.405862808227539,1.5025893449783325,-0.17789818346500397,1.061416745185852,1,1
the-finger,./test/droh_real2d_wristnorm/the-finger/IMG_6567.npy,1,0,0,0.0,0.9999961256980896,-1.9452195167541504,1.216810703277588,-0.13585278391838074,0.8364239931106567,1,1
the-finger,./test/droh_real2d_wristnorm/the-finger/IMG_6568.npy,1,0,0,0.0,0.9999596476554871,-16.728330612182617,5.4463911056518555,-4.378236293792725,5.483205795288086,1,1
the-finger,./test/droh_real2d_wristnorm/the-finger/IMG_6638.npy,1,0,0,0.0,0.9999949932098389,-2.3260927200317383,1.158998966217041,-0.10192207247018814,0.8138024806976318,1,1
the-finger,./test/droh_real2d_wristnorm/the-finger/IMG_6640.npy,1,0,0,0.0,0.9999932646751404,-3.2171177864074707,1.052865743637085,-0.8029637336730957,0.9572564959526062,1,1
the-finger,./test/droh_real2d_wristnorm/the-finger/IMG_6677.npy,1,0,0,0.0,0.9999964237213135,-2.022780418395996,0.6210842728614807,-0.5727324485778809,0.655949592590332,1,1
the-finger,./test/droh_real2d_wristnorm/the-finger/IMG_6678.npy,1,0,0,0.0,0.9999960064888,-1.5154826641082764,2.143676519393921,0.3007197976112366,0.9702061414718628,1,1
the-finger,./test/droh_real2d_wristnorm/the-finger/IMG_6715.npy,1,0,0,0.0,0.9999949932098389,-2.933223247528076,0.6561279892921448,-0.7040600180625916,0.8889595866203308,1,1
the-finger,./test/droh_real2d_wristnorm/the-finger/IMG_6718.npy,1,0,0,0.0,0.9999969601631165,-1.529392123222351,0.08627961575984955,-0.6465880870819092,0.39515385031700134,1,1
the-finger,./test/droh_real2d_wristnorm/the-finger/IMG_6719.npy,1,0,0,0.0,0.999997615814209,-0.36934638023376465,1.9829161167144775,0.4536987543106079,0.635208249092102,1,1
the-finger,./test/droh_real2d_wristnorm/the-finger/IMG_6752.npy,1,0,0,0.0,0.9999964833259583,-1.8943132162094116,0.4402368664741516,-0.4802544116973877,0.5250533819198608,1,1
the-finger,./test/droh_real2d_wristnorm/the-finger/IMG_6754.npy,1,0,0,0.0,0.9999957084655762,-1.7891288995742798,0.24300292134284973,-0.6831955313682556,0.46142223477363586,1,1
the-finger,./test/droh_real2d_wristnorm/the-finger/IMG_6787.npy,1,0,0,0.0,0.9999969005584717,-1.9233074188232422,0.21422304213047028,-0.6144595146179199,0.4851161241531372,1,1
the-finger,./test/droh_real2d_wristnorm/the-finger/IMG_6817.npy,1,0,0,0.0,0.9999959468841553,-2.2949912548065186,1.2500295639038086,-0.4430851340293884,0.8499144911766052,1,1
the-finger,./test/droh_real2d_wristnorm/the-finger/IMG_6819.npy,1,0,0,0.0,0.9999958276748657,-2.0215632915496826,0.37887516617774963,-0.49609220027923584,0.5300250053405762,1,1
the-finger,./test/droh_real2d_wristnorm/the-finger/IMG_6820.npy,1,0,0,0.0,0.9999906420707703,-1.9942818880081177,0.6821922063827515,-0.8550701141357422,0.676696240901947,1,1
the-finger,./test/droh_real2d_wristnorm/the-finger/IMG_6847.npy,1,0,0,0.0,0.9999942183494568,-2.2296178340911865,0.6465258598327637,-0.5989450812339783,0.6329376101493835,1,1
the-finger,./test/droh_real2d_wristnorm/the-finger/IMG_6850.npy,1,0,0,0.0,0.9999937415122986,-1.9814071655273438,0.4275960326194763,-0.4265243411064148,0.5843859910964966,1,1
the-finger,./test/droh_real2d_wristnorm/the-finger/IMG_6884.npy,1,0,0,0.0,0.9999942183494568,-2.699024200439453,1.0043528079986572,-0.19423285126686096,0.7451573014259338,1,1
the-finger,./test/droh_real2d_wristnorm/the-finger/IMG_6885.npy,1,0,0,0.0,0.9999940991401672,-0.8502297401428223,1.4170732498168945,0.3517782986164093,0.6563718318939209,1,1
the-finger,./test/droh_real2d_wristnorm/the-finger/IMG_6919.npy,1,0,0,0.0,0.9999845623970032,-6.3053460121154785,3.056694746017456,-0.7030261158943176,2.305232048034668,1,1
the-finger,./test/droh_real2d_wristnorm/the-finger/IMG_6920.npy,1,0,0,0.0,0.9999881982803345,-2.65028715133667,1.5153298377990723,-0.5037928223609924,1.0428664684295654,1,1
the-finger,./test/droh_real2d_wristnorm/the-finger/IMG_6922.npy,1,0,0,0.0,0.9999949336051941,-0.9144240617752075,2.0860211849212646,0.3572971820831299,0.7874705195426941,1,1
the-finger,./test/droh_real2d_wristnorm/the-finger/IMG_6949.npy,1,0,0,0.0,0.9999942183494568,-1.0542768239974976,1.8144786357879639,0.16504965722560883,0.8326931595802307,1,1
the-finger,./test/droh_real2d_wristnorm/the-finger/IMG_6979.npy,1,0,0,0.0,0.9999952912330627,-2.437225580215454,1.1709860563278198,-0.39953386783599854,0.8571818470954895,1,1
the-finger,./test/droh_real2d_wristnorm/the-finger/IMG_6980.npy,1,0,0,0.0,0.9999961853027344,-1.8003466129302979,0.7801514863967896,-0.254095196723938,0.6051572561264038,1,1
the-finger,./test/droh_real2d_wristnorm/the-finger/IMG_7050.npy,1,0,0,0.0,0.9999950528144836,-2.4025237560272217,0.5281118750572205,-0.8999356627464294,0.6564745903015137,1,1
the-finger,./test/droh_real2d_wristnorm/the-finger/IMG_7051.npy,1,0,0,0.0,0.9999963641166687,-2.2427854537963867,0.11184543371200562,-0.9528151750564575,0.5365298986434937,1,1
the-finger,./test/droh_real2d_wristnorm/the-finger/IMG_7052.npy,1,0,0,0.0,0.9999958276748657,-2.675745725631714,0.3479616343975067,-0.8632240295410156,0.6845558881759644,1,1
the-finger,./test/droh_real2d_wristnorm/the-finger/IMG_7053.npy,1,0,0,0.0,0.9999949932098389,-3.2578675746917725,0.7934853434562683,-0.8132246136665344,0.953735888004303,1,1
the-finger,./test/droh_real2d_wristnorm/the-finger/IMG_7083.npy,1,0,0,0.0,0.9999964833259583,-2.518264055252075,0.19871166348457336,-0.7996396422386169,0.5747183561325073,1,1
the-finger,./test/droh_real2d_wristnorm/the-finger/IMG_7084.npy,1,0,0,0.0,0.999997079372406,-1.9608186483383179,0.15331122279167175,-0.6167696118354797,0.4920351803302765,1,1
the-finger,./test/droh_real2d_wristnorm/the-finger/IMG_7273.npy,1,0,0,0.0,0.9999971389770508,-0.5481241345405579,1.055330514907837,0.15976744890213013,0.4071316719055176,1,1
the-finger,./test/droh_real2d_wristnorm/the-finger/IMG_7300.npy,1,0,0,0.0,0.9999954104423523,-1.0262459516525269,2.3522655963897705,0.28122466802597046,0.9239966869354248,1,1
the-finger,./test/droh_real2d_wristnorm/the-finger/IMG_7334.npy,1,0,0,0.0,0.9999954700469971,-1.7177848815917969,0.8993852138519287,-0.21567551791667938,0.7348484992980957,1,1
the-finger,./test/droh_real2d_wristnorm/the-finger/IMG_7335.npy,1,0,0,0.0,0.9999966025352478,-0.82468181848526,1.1936436891555786,0.18788866698741913,0.6345415115356445,1,1
the-finger,./test/droh_real2d_wristnorm/the-finger/IMG_7365.npy,1,0,0,0.0,0.9999969005584717,-0.1443874090909958,2.0085926055908203,0.5981636643409729,0.4873647391796112,1,1
the-finger,./test/droh_real2d_wristnorm/the-finger/IMG_7366.npy,1,0,0,0.0,0.9999973773956299,0.0,1.5326263904571533,0.5951292514801025,0.344156414270401,1,1
the-finger,./test/droh_real2d_wristnorm/the-finger/IMG_7397.npy,1,0,0,0.0,0.9999956488609314,-2.1495957374572754,0.150759756565094,-0.794609785079956,0.5165985822677612,1,1
the-finger,./test/droh_real2d_wristnorm/the-finger/IMG_7401.npy,1,0,0,0.0,0.9999964237213135,-1.9948813915252686,0.29724356532096863,-0.5473324656486511,0.5528087615966797,1,1
the-finger,./test/droh_real2d_wristnorm/the-finger/IMG_7429.npy,1,0,0,0.0,0.9999949336051941,-0.45598581433296204,3.0210769176483154,0.7855901122093201,0.8423334956169128,1,1
the-finger,./test/droh_real2d_wristnorm/the-finger/IMG_7430.npy,1,0,0,0.0,0.9999958276748657,-0.3129214942455292,3.0690062046051025,0.8478102684020996,0.8324611186981201,1,1
the-finger,./test/droh_real2d_wristnorm/the-finger/IMG_7461.npy,1,0,0,0.0,0.9999963045120239,-0.6443451046943665,2.0717456340789795,0.3425033986568451,0.6631421446800232,1,1
the-finger,./test/droh_real2d_wristnorm/the-finger/IMG_7462.npy,1,0,0,0.0,0.9999954104423523,-0.27337679266929626,2.5608344078063965,0.6678396463394165,0.8168776631355286,1,1
the-finger,./test/droh_real2d_wristnorm/the-finger/IMG_7465.npy,1,0,0,0.0,0.9999825954437256,-3.9395854473114014,4.666129112243652,-0.08181476593017578,2.5403592586517334,1,1
the-finger,./test/droh_real2d_wristnorm/the-finger/IMG_7498.npy,1,0,0,0.0,0.9999970197677612,-0.047748319804668427,1.8124899864196777,0.6051100492477417,0.3951182961463928,1,1
the-finger,./test/droh_real2d_wristnorm/the-finger/IMG_7530.npy,1,0,0,0.0,0.9999900460243225,-3.626790761947632,1.0502865314483643,-1.1908817291259766,1.2109742164611816,1,1
the-finger,./test/droh_real2d_wristnorm/the-finger/IMG_7563.npy,1,0,0,0.0,0.9999953508377075,-1.0364104509353638,2.6263234615325928,0.1636776179075241,0.8016747236251831,1,1
the-finger,./test/droh_real2d_wristnorm/the-finger/IMG_7564.npy,1,0,0,0.0,0.9999955892562866,-2.3383095264434814,0.8244971632957458,-0.36691850423812866,0.6841745376586914,1,1
the-finger,./test/droh_real2d_wristnorm/the-finger/IMG_7565.npy,1,0,0,0.0,0.9999949932098389,-0.7946270108222961,1.1112622022628784,-0.007289579138159752,0.4374254643917084,1,1
the-finger,./test/droh_real2d_wristnorm/the-finger/IMG_7594.npy,1,0,0,0.0,0.999997079372406,-2.194617509841919,0.8337453007698059,-0.24589917063713074,0.782741129398346,1,1
the-finger,./test/droh_real2d_wristnorm/the-finger/IMG_7629.npy,1,0,0,0.0,0.9999963045120239,-1.907619833946228,0.021697256714105606,-0.7568752765655518,0.427977979183197,1,1
the-finger,./test/droh_real2d_wristnorm/the-finger/IMG_7634.npy,1,0,0,0.0,0.9999953508377075,-1.5198982954025269,1.2480002641677856,-0.05523652210831642,0.6408491134643555,1,1
the-finger,./test/droh_real2d_wristnorm/the-finger/IMG_7672.npy,1,0,0,0.0,0.9999969005584717,-2.115372896194458,0.636936604976654,-0.3767663538455963,0.7417916059494019,1,1
the-finger,./test/droh_real2d_wristnorm/the-finger/IMG_7703.npy,1,0,0,0.0,0.9999960660934448,-0.2896164059638977,1.980162262916565,0.5145465135574341,0.5273343324661255,1,1
the-finger,./test/droh_real2d_wristnorm/the-finger/IMG_7704.npy,1,0,0,0.0,0.9999964833259583,-0.7461366057395935,1.4359917640686035,0.2584802508354187,0.6179165840148926,1,1
the-finger,./test/droh_real2d_wristnorm/the-finger/IMG_7705.npy,1,0,0,0.0,0.9999961853027344,-1.675145149230957,1.20846426486969,-0.048257701098918915,0.8049134016036987,1,1
the-finger,./test/droh_real2d_wristnorm/the-finger/IMG_7706.npy,1,0,0,0.0,0.9999934434890747,-3.0584824085235596,0.800770103931427,-0.8502873778343201,0.8812702894210815,1,1
the-finger,./test/droh_real2d_wristnorm/the-finger/IMG_7734.npy,1,0,0,0.0,0.9999973177909851,-0.44293004274368286,2.161555051803589,0.48509806394577026,0.6216840744018555,1,1
the-finger,./test/droh_real2d_wristnorm/the-finger/IMG_7765.npy,1,0,0,0.0,0.9999964833259583,-0.2471277117729187,2.1394851207733154,0.5909541249275208,0.5450698733329773,1,1
the-finger,./test/droh_real2d_wristnorm/the-finger/IMG_7766.npy,1,0,0,0.0,0.9999972581863403,-0.3638423979282379,2.0573389530181885,0.4996277093887329,0.5937175750732422,1,1
the-finger,./test/droh_real2d_wristnorm/the-finger/IMG_7768.npy,1,0,0,0.0,0.9999967217445374,-0.23420540988445282,2.326092481613159,0.7095272541046143,0.6049978137016296,1,1
the-finger,./test/droh_real2d_wristnorm/the-finger/IMG_7797.npy,1,0,0,0.0,0.9999969005584717,-0.3117654025554657,1.9203757047653198,0.519495964050293,0.6128828525543213,1,1
the-finger,./test/droh_real2d_wristnorm/the-finger/IMG_7798.npy,1,0,0,0.0,0.9999964833259583,-0.7416634559631348,2.0311496257781982,0.3585749864578247,0.7287454009056091,1,1
the-finger,./test/droh_real2d_wristnorm/the-finger/IMG_7799.npy,1,0,0,0.0,0.9999961853027344,-1.803889513015747,0.7577317953109741,-0.38917621970176697,0.6230391263961792,1,1
the-finger,./test/droh_real2d_wristnorm/the-finger/IMG_7800.npy,1,0,0,0.0,0.9999960064888,-2.8852765560150146,1.5024209022521973,-0.2777916491031647,1.2093814611434937,1,1
the-finger,./test/droh_real2d_wristnorm/the-finger/IMG_7868.npy,1,0,0,0.0,0.9999970197677612,-0.361160546541214,2.1050949096679688,0.5432709455490112,0.6695731282234192,1,1
the-finger,./test/droh_real2d_wristnorm/the-finger/IMG_7870.npy,1,0,0,0.0,0.999997079372406,-0.9576273560523987,1.7670685052871704,0.20495739579200745,0.817878246307373,1,1
the-finger,./test/droh_real2d_wristnorm/the-finger/IMG_7871.npy,1,0,0,0.0,0.999997079372406,-0.17357738316059113,1.5530630350112915,0.6456730365753174,0.38517138361930847,1,1
the-finger,./test/droh_real2d_wristnorm/the-finger/IMG_7904.npy,1,0,0,0.0,0.999997615814209,-0.34024062752723694,1.3192830085754395,0.39114052057266235,0.4066050052642822,1,1
the-finger,./test/droh_real2d_wristnorm/the-finger/IMG_7905.npy,1,0,0,0.0,0.9999971389770508,-0.3038938343524933,2.3029708862304688,0.5976870656013489,0.6381844878196716,1,1
the-finger,./test/droh_real2d_wristnorm/the-finger/IMG_7934.npy,1,0,0,0.0,0.9999973773956299,-0.31687331199645996,0.8932139277458191,0.32515180110931396,0.3330543339252472,1,1
the-finger,./test/droh_real2d_wristnorm/the-finger/IMG_7935.npy,1,0,0,0.0,0.9999963045120239,-0.790574848651886,1.6834150552749634,0.3316431939601898,0.7057524919509888,1,1
the-finger,./test/droh_real2d_wristnorm/the-finger/IMG_7963.npy,1,0,0,0.0,0.9999902844429016,-2.883690357208252,1.1607921123504639,-0.7626610994338989,0.9424457550048828,1,1
the-finger,./test/droh_real2d_wristnorm/the-finger/IMG_7966.npy,1,0,0,0.0,0.9999971389770508,-0.2661522626876831,2.0046019554138184,0.4631376266479492,0.5243813991546631,1,1
the-finger,./test/droh_real2d_wristnorm/the-finger/IMG_8026.npy,1,0,0,0.0,0.9999970197677612,-2.12187123298645,0.4634738564491272,-0.4652470648288727,0.5969085097312927,1,1
the-finger,./test/droh_real2d_wristnorm/the-finger/IMG_8027.npy,1,0,0,0.0,0.9999963641166687,-2.3673174381256104,0.5952656865119934,-0.4874662756919861,0.7762896418571472,1,1
the-finger,./test/droh_real2d_wristnorm/the-finger/IMG_8030.npy,1,0,0,0.0,0.9999943375587463,-2.3466286659240723,0.2879737913608551,-0.7185501456260681,0.6132156252861023,1,1
the-finger,./test/droh_real2d_wristnorm/the-finger/IMG_8059.npy,1,0,0,0.0,0.9999955892562866,-1.6134331226348877,1.330897569656372,-0.2892019748687744,0.6454472541809082,1,1
the-finger,./test/droh_real2d_wristnorm/the-finger/IMG_8092.npy,1,0,0,0.0,0.999997079372406,-1.8898494243621826,0.21067284047603607,-0.5813256502151489,0.4567403495311737,1,1
the-finger,./test/droh_real2d_wristnorm/the-finger/IMG_8095.npy,1,0,0,0.0,0.9999966025352478,-2.017267942428589,0.2587304711341858,-0.537248969078064,0.5795521140098572,1,1
the-finger,./test/droh_real2d_wristnorm/the-finger/IMG_8122.npy,1,0,0,0.0,0.9999967217445374,-0.5184999704360962,1.89052152633667,0.39651724696159363,0.6760461926460266,1,1
the-finger,./test/droh_real2d_wristnorm/the-finger/IMG_8162.npy,1,0,0,0.0,0.9999947547912598,-2.4768550395965576,1.5361729860305786,-0.2881581783294678,0.900170624256134,1,1
the-finger,./test/droh_real2d_wristnorm/the-finger/IMG_8192.npy,1,0,0,0.0,0.9999964237213135,-0.5878624320030212,1.8708971738815308,0.48220857977867126,0.5266350507736206,1,1
thumbdown,./test/droh_real2d_wristnorm/thumbdown/IMG_6299.npy,1,0,0,0.0,0.9999977350234985,-0.9897690415382385,0.9326540231704712,-0.21121951937675476,0.5494357943534851,1,1
thumbdown,./test/droh_real2d_wristnorm/thumbdown/IMG_6301.npy,1,0,0,0.0,0.9999969601631165,-0.113630011677742,1.501241683959961,0.7105105519294739,0.43991461396217346,1,1
thumbdown,./test/droh_real2d_wristnorm/thumbdown/IMG_6302.npy,1,0,0,0.0,0.999997615814209,-1.1101800203323364,0.7978907227516174,-0.29156842827796936,0.5588050484657288,1,1
thumbdown,./test/droh_real2d_wristnorm/thumbdown/IMG_6338.npy,1,0,0,0.0,0.9999948740005493,-0.020411832258105278,1.7287023067474365,0.7633123993873596,0.5128506422042847,1,1
thumbdown,./test/droh_real2d_wristnorm/thumbdown/IMG_6368.npy,1,0,0,0.0,0.9999962449073792,-0.341871052980423,1.1947942972183228,0.472182959318161,0.4978250563144684,1,1
thumbdown,./test/droh_real2d_wristnorm/thumbdown/IMG_6444.npy,1,0,0,0.0,0.9999957084655762,-0.7527652382850647,1.6134181022644043,0.4168536365032196,0.7206392884254456,1,1
thumbdown,./test/droh_real2d_wristnorm/thumbdown/IMG_6447.npy,1,0,0,0.0,0.9999966621398926,-0.3356308937072754,1.3419849872589111,0.49495595693588257,0.5038737058639526,1,1
thumbdown,./test/droh_real2d_wristnorm/thumbdown/IMG_6483.npy,1,0,0,0.0,0.9999948143959045,-0.2200707346200943,1.3822952508926392,0.5899720191955566,0.46689313650131226,1,1
thumbdown,./test/droh_real2d_wristnorm/thumbdown/IMG_6485.npy,1,0,0,0.0,0.9999926686286926,-0.8062071204185486,2.7420003414154053,0.9554346203804016,0.9880322813987732,1,1
thumbdown,./test/droh_real2d_wristnorm/thumbdown/IMG_6522.npy,1,0,0,0.0,0.9999964237213135,-1.3564972877502441,0.03854086622595787,-0.7208476066589355,0.373968243598938,1,1
thumbdown,./test/droh_real2d_wristnorm/thumbdown/IMG_6524.npy,1,0,0,0.0,0.999997079372406,-0.7064717411994934,1.373389720916748,0.3073367476463318,0.6523910760879517,1,1
thumbdown,./test/droh_real2d_wristnorm/thumbdown/IMG_6525.npy,1,0,0,0.0,0.9999961256980896,-1.5365536212921143,1.161253571510315,-0.17643585801124573,0.786717414855957,1,1
thumbdown,./test/droh_real2d_wristnorm/thumbdown/IMG_6561.npy,1,0,0,0.0,0.999995768070221,-0.7681532502174377,1.6385645866394043,0.4651699960231781,0.6055953502655029,1,1
thumbdown,./test/droh_real2d_wristnorm/thumbdown/IMG_6562.npy,1,0,0,0.0,0.9999972581863403,-0.08947626501321793,1.1004866361618042,0.5013712048530579,0.3123132288455963,1,1
thumbdown,./test/droh_real2d_wristnorm/thumbdown/IMG_6564.npy,1,0,0,0.0,0.9999955892562866,-1.1857798099517822,1.4356300830841064,-0.08861605077981949,0.6628749966621399,1,1
thumbdown,./test/droh_real2d_wristnorm/thumbdown/IMG_6565.npy,1,0,0,0.0,0.9999957084655762,-1.2637687921524048,1.4723049402236938,-0.1378944367170334,0.6667335629463196,1,1
thumbdown,./test/droh_real2d_wristnorm/thumbdown/IMG_6601.npy,1,0,0,0.0,0.9999959468841553,-1.055365800857544,1.109630823135376,-0.09538906067609787,0.45953431725502014,1,1
thumbdown,./test/droh_real2d_wristnorm/thumbdown/IMG_6633.npy,1,0,0,0.0,0.9999966621398926,-0.7371459603309631,1.862062692642212,0.40044376254081726,0.5669012069702148,1,1
thumbdown,./test/droh_real2d_wristnorm/thumbdown/IMG_6634.npy,1,0,0,0.0,0.9999974370002747,-0.9736037254333496,1.1122541427612305,-0.05835866928100586,0.5362493991851807,1,1
thumbdown,./test/droh_real2d_wristnorm/thumbdown/IMG_6635.npy,1,0,0,0.0,0.999992311000824,-0.2291816920042038,2.743663787841797,1.1788594722747803,0.7672138214111328,1,1
thumbdown,./test/droh_real2d_wristnorm/thumbdown/IMG_6636.npy,1,0,0,0.0,0.9999970197677612,-0.7006235122680664,1.2204004526138306,0.30176204442977905,0.5068360567092896,1,1
thumbdown,./test/droh_real2d_wristnorm/thumbdown/IMG_6742.npy,1,0,0,0.0,0.9999967813491821,-1.3056788444519043,0.8223500847816467,-0.4070102572441101,0.49704620242118835,1,1
thumbdown,./test/droh_real2d_wristnorm/thumbdown/IMG_6747.npy,1,0,0,0.0,0.9999974966049194,-1.428536295890808,0.8922770023345947,-0.38464510440826416,0.6634672284126282,1,1
thumbdown,./test/droh_real2d_wristnorm/thumbdown/IMG_6749.npy,1,0,0,0.0,0.9999954104423523,-1.5619772672653198,1.4152865409851074,-0.3626950979232788,0.8010967373847961,1,1
thumbdown,./test/droh_real2d_wristnorm/thumbdown/IMG_6811.npy,1,0,0,0.0,0.9999975562095642,-1.2337015867233276,0.7780170440673828,-0.29781556129455566,0.6095371842384338,1,1
thumbdown,./test/droh_real2d_wristnorm/thumbdown/IMG_6813.npy,1,0,0,0.0,0.9999961256980896,-0.1932784616947174,2.1274845600128174,0.8077071309089661,0.5623795390129089,1,1
thumbdown,./test/droh_real2d_wristnorm/thumbdown/IMG_6814.npy,1,0,0,0.0,0.9999960660934448,-0.6636377573013306,1.693662405014038,0.5483267307281494,0.5847638249397278,1,1
thumbdown,./test/droh_real2d_wristnorm/thumbdown/IMG_6841.npy,1,0,0,0.0,0.9999961256980896,-0.279367059469223,1.2013967037200928,0.4826768636703491,0.4461294114589691,1,1
thumbdown,./test/droh_real2d_wristnorm/thumbdown/IMG_6878.npy,1,0,0,0.0,0.9999972581863403,-1.3139320611953735,0.774689257144928,-0.31996920704841614,0.6310001611709595,1,1
thumbdown,./test/droh_real2d_wristnorm/thumbdown/IMG_6879.npy,1,0,0,0.0,0.9999902844429016,-1.1150552034378052,3.7330758571624756,0.9990853071212769,1.0455857515335083,1,1
thumbdown,./test/droh_real2d_wristnorm/thumbdown/IMG_6896.npy,1,0,0,0.0,0.9999932050704956,-0.0455235131084919,2.44844913482666,1.0145819187164307,0.6447842121124268,1,1
thumbdown,./test/droh_real2d_wristnorm/thumbdown/IMG_6898.npy,1,0,0,0.0,0.9999960660934448,-0.12003596127033234,1.3583842515945435,0.6266034245491028,0.36708831787109375,1,1
thumbdown,./test/droh_real2d_wristnorm/thumbdown/IMG_6946.npy,1,0,0,0.0,0.9999967813491821,-0.17972822487354279,0.9849857687950134,0.4057427942752838,0.3468964993953705,1,1
thumbdown,./test/droh_real2d_wristnorm/thumbdown/IMG_6947.npy,1,0,0,0.0,0.9999940395355225,0.0,1.6645902395248413,0.8278763294219971,0.4996601641178131,1,1
thumbdown,./test/droh_real2d_wristnorm/thumbdown/IMG_6976.npy,1,0,0,0.0,0.9999971389770508,-0.2498333603143692,1.1161714792251587,0.6031016707420349,0.351530522108078,1,1
thumbdown,./test/droh_real2d_wristnorm/thumbdown/IMG_7044.npy,1,0,0,0.0,0.9999975562095642,-1.2704355716705322,0.9080127477645874,-0.28831425309181213,0.6137399077415466,1,1
thumbdown,./test/droh_real2d_wristnorm/thumbdown/IMG_7048.npy,1,0,0,0.0,0.9999977350234985,-1.233756422996521,1.1061944961547852,-0.2469014674425125,0.6268488764762878,1,1
thumbdown,./test/droh_real2d_wristnorm/thumbdown/IMG_7079.npy,1,0,0,0.0,0.9999970197677612,-1.3654980659484863,0.9404310584068298,-0.30724388360977173,0.6272535920143127,1,1
thumbdown,./test/droh_real2d_wristnorm/thumbdown/IMG_7081.npy,1,0,0,0.0,0.9999959468841553,-1.3751379251480103,1.4655749797821045,-0.25728264451026917,0.7035220861434937,1,1
thumbdown,./test/droh_real2d_wristnorm/thumbdown/IMG_7236.npy,1,0,0,0.0,0.9999961853027344,-0.2490440458059311,1.4906367063522339,0.4662635028362274,0.3795251250267029,1,1
thumbdown,./test/droh_real2d_wristnorm/thumbdown/IMG_7267.npy,1,0,0,0.0,0.9999964237213135,-0.09482474625110626,1.698511004447937,0.7462719082832336,0.5251205563545227,1,1
thumbdown,./test/droh_real2d_wristnorm/thumbdown/IMG_7268.npy,1,0,0,0.0,0.9999975562095642,-0.10349179804325104,1.3368333578109741,0.6240969896316528,0.4322455823421478,1,1
thumbdown,./test/droh_real2d_wristnorm/thumbdown/IMG_7297.npy,1,0,0,0.0,0.9999976754188538,-1.3775795698165894,0.9250438213348389,-0.3704630434513092,0.6331708431243896,1,1
thumbdown,./test/droh_real2d_wristnorm/thumbdown/IMG_7330.npy,1,0,0,0.0,0.9999918937683105,-0.16515302658081055,2.956047534942627,1.1512151956558228,0.7823269963264465,1,1
thumbdown,./test/droh_real2d_wristnorm/thumbdown/IMG_7331.npy,1,0,0,0.0,0.9999964237213135,-0.07487893104553223,1.467898964881897,0.7423278093338013,0.36920008063316345,1,1
thumbdown,./test/droh_real2d_wristnorm/thumbdown/IMG_7388.npy,1,0,0,0.0,0.9999970197677612,-1.2862803936004639,0.0,-0.6550235748291016,0.3322852551937103,1,1
thumbdown,./test/droh_real2d_wristnorm/thumbdown/IMG_7424.npy,1,0,0,0.0,0.9999964833259583,-0.07000645250082016,1.4193627834320068,0.6080014109611511,0.44669848680496216,1,1
thumbdown,./test/droh_real2d_wristnorm/thumbdown/IMG_7426.npy,1,0,0,0.0,0.9999961256980896,-0.5724032521247864,2.015796422958374,0.6070359349250793,0.7424939870834351,1,1
thumbdown,./test/droh_real2d_wristnorm/thumbdown/IMG_7457.npy,1,0,0,0.0,0.999996542930603,-0.24897363781929016,1.1226900815963745,0.45254912972450256,0.4287422299385071,1,1
thumbdown,./test/droh_real2d_wristnorm/thumbdown/IMG_7459.npy,1,0,0,0.0,0.9999966025352478,-0.17241209745407104,1.105413556098938,0.4825252890586853,0.38753604888916016,1,1
thumbdown,./test/droh_real2d_wristnorm/thumbdown/IMG_7557.npy,1,0,0,0.0,0.9999963641166687,-0.048049017786979675,2.3530876636505127,0.9569947123527527,0.7218226194381714,1,1
thumbdown,./test/droh_real2d_wristnorm/thumbdown/IMG_7625.npy,1,0,0,0.0,0.9999973177909851,-1.26478111743927,0.07448366284370422,-0.5574145317077637,0.36027541756629944,1,1
thumbup,./test/droh_real2d_wristnorm/thumbup/IMG_6293.npy,1,0,0,0.0,0.9999963045120239,-1.6208215951919556,0.963059663772583,-0.007661272305995226,0.5163390040397644,1,1
thumbup,./test/droh_real2d_wristnorm/thumbup/IMG_6295.npy,1,0,0,0.0,0.9999935030937195,-2.6511788368225098,0.9207429885864258,-0.9528179168701172,0.9964709877967834,1,1
thumbup,./test/droh_real2d_wristnorm/thumbup/IMG_6331.npy,1,0,0,0.0,0.9999948740005493,-1.9217889308929443,0.9225215315818787,-0.10563646256923676,0.5541149973869324,1,1
thumbup,./test/droh_real2d_wristnorm/thumbup/IMG_6332.npy,1,0,0,0.0,0.9999959468841553,-1.2298316955566406,1.2062932252883911,0.22890326380729675,0.6267462372779846,1,1
thumbup,./test/droh_real2d_wristnorm/thumbup/IMG_6334.npy,1,0,0,0.0,0.9999967813491821,-1.0598950386047363,1.0129812955856323,0.27483102679252625,0.5064512491226196,1,1
thumbup,./test/droh_real2d_wristnorm/thumbup/IMG_6374.npy,1,0,0,0.0,0.9999958872795105,-1.2454731464385986,1.3567246198654175,0.1330426186323166,0.6925091743469238,1,1
thumbup,./test/droh_real2d_wristnorm/thumbup/IMG_6375.npy,1,0,0,0.0,0.9999966025352478,-1.1168228387832642,0.9951130747795105,0.0797230526804924,0.42630094289779663,1,1
thumbup,./test/droh_real2d_wristnorm/thumbup/IMG_6402.npy,1,0,0,0.0,0.9999972581863403,-0.7328602075576782,1.0350558757781982,0.3169895112514496,0.39015913009643555,1,1
thumbup,./test/droh_real2d_wristnorm/thumbup/IMG_6403.npy,1,0,0,0.0,0.9999960064888,-2.0152294635772705,0.7396682500839233,-0.6566006541252136,0.8277626037597656,1,1
thumbup,./test/droh_real2d_wristnorm/thumbup/IMG_6438.npy,1,0,0,0.0,0.9999951124191284,-1.3699194192886353,1.2166274785995483,0.1351964771747589,0.6579241752624512,1,1
thumbup,./test/droh_real2d_wristnorm/thumbup/IMG_6477.npy,1,0,0,0.0,0.999993085861206,-1.6364917755126953,1.255006194114685,-0.03351627662777901,0.637304425239563,1,1
thumbup,./test/droh_real2d_wristnorm/thumbup/IMG_6479.npy,1,0,0,0.0,0.9999960660934448,-0.35227787494659424,1.3961888551712036,0.3255780041217804,0.3993684649467468,1,1
thumbup,./test/droh_real2d_wristnorm/thumbup/IMG_6480.npy,1,0,0,0.0,0.9999927878379822,-2.505941867828369,1.0645408630371094,-0.15161187946796417,0.6868689060211182,1,1
thumbup,./test/droh_real2d_wristnorm/thumbup/IMG_6521.npy,1,0,0,0.0,0.9999974370002747,-0.5157352685928345,1.1928672790527344,0.3426879942417145,0.5263209342956543,1,1
thumbup,./test/droh_real2d_wristnorm/thumbup/IMG_6537.npy,1,0,0,0.0,0.9999911785125732,-2.288126230239868,0.9972417950630188,-0.3068298399448395,0.7846252918243408,1,1
thumbup,./test/droh_real2d_wristnorm/thumbup/IMG_6557.npy,1,0,0,0.0,0.9999958872795105,-1.2606176137924194,0.9774768948554993,0.03376937285065651,0.47016260027885437,1,1
thumbup,./test/droh_real2d_wristnorm/thumbup/IMG_6558.npy,1,0,0,0.0,0.9999969005584717,-1.1678664684295654,0.13399535417556763,-0.573858380317688,0.3892620801925659,1,1
thumbup,./test/droh_real2d_wristnorm/thumbup/IMG_6596.npy,1,0,0,0.0,0.999997079372406,-1.0705808401107788,1.245314359664917,0.2612195909023285,0.6358028054237366,1,1
thumbup,./test/droh_real2d_wristnorm/thumbup/IMG_6663.npy,1,0,0,0.0,0.9999966025352478,-1.3257840871810913,0.9834774732589722,0.016822488978505135,0.4551401436328888,1,1
thumbup,./test/droh_real2d_wristnorm/thumbup/IMG_6664.npy,1,0,0,0.0,0.9999960660934448,-1.754995584487915,0.3844432830810547,-0.6883852481842041,0.6319499611854553,1,1
thumbup,./test/droh_real2d_wristnorm/thumbup/IMG_6667.npy,1,0,0,0.0,0.9999980330467224,-0.9055353403091431,0.9067316651344299,-0.009214825928211212,0.4866202771663666,1,1
thumbup,./test/droh_real2d_wristnorm/thumbup/IMG_6682.npy,1,0,0,0.0,0.9999970197677612,-1.5348819494247437,0.2417469322681427,-0.673051655292511,0.5202973484992981,1,1
thumbup,./test/droh_real2d_wristnorm/thumbup/IMG_6686.npy,1,0,0,0.0,0.9999966621398926,-1.7380386590957642,0.5057888031005859,-0.6113879680633545,0.6453486680984497,1,1
thumbup,./test/droh_real2d_wristnorm/thumbup/IMG_6688.npy,1,0,0,0.0,0.9999970197677612,-1.6520862579345703,0.06333684921264648,-0.746745228767395,0.5183249711990356,1,1
thumbup,./test/droh_real2d_wristnorm/thumbup/IMG_6689.npy,1,0,0,0.0,0.9999975562095642,-1.2249401807785034,0.07014714181423187,-0.5637900233268738,0.3645073473453522,1,1
thumbup,./test/droh_real2d_wristnorm/thumbup/IMG_6745.npy,1,0,0,0.0,0.9999969601631165,-1.2288975715637207,0.3731413781642914,-0.5171070098876953,0.4718666970729828,1,1
thumbup,./test/droh_real2d_wristnorm/thumbup/IMG_6776.npy,1,0,0,0.0,0.9999977946281433,-1.0080889463424683,0.0,-0.5562807321548462,0.2941957712173462,1,1
thumbup,./test/droh_real2d_wristnorm/thumbup/IMG_6809.npy,1,0,0,0.0,0.9999954700469971,-1.4741524457931519,1.094739317893982,-0.6409949064254761,0.6083846688270569,1,1
thumbup,./test/droh_real2d_wristnorm/thumbup/IMG_6810.npy,1,0,0,0.0,0.9999975562095642,-0.43300101161003113,1.3320503234863281,0.5013384819030762,0.41787633299827576,1,1
thumbup,./test/droh_real2d_wristnorm/thumbup/IMG_6840.npy,1,0,0,0.0,0.9999969601631165,-1.1890637874603271,0.16579550504684448,-0.5312779545783997,0.4206678569316864,1,1
thumbup,./test/droh_real2d_wristnorm/thumbup/IMG_6875.npy,1,0,0,0.0,0.9999953508377075,-1.9519824981689453,0.46507203578948975,-0.7645553350448608,0.6682416796684265,1,1
thumbup,./test/droh_real2d_wristnorm/thumbup/IMG_6886.npy,1,0,0,0.0,0.9999850988388062,-4.295872688293457,2.0995404720306396,-1.2609401941299438,1.9039850234985352,1,1
thumbup,./test/droh_real2d_wristnorm/thumbup/IMG_6887.npy,1,0,0,0.0,0.9999963641166687,-1.4124326705932617,0.3071891963481903,-0.6022521257400513,0.5024893283843994,1,1
thumbup,./test/droh_real2d_wristnorm/thumbup/IMG_6889.npy,1,0,0,0.0,0.9999898076057434,-2.557121753692627,1.274443507194519,-0.144257590174675,0.8716601133346558,1,1
thumbup,./test/droh_real2d_wristnorm/thumbup/IMG_6941.npy,1,0,0,0.0,0.9999939203262329,-2.9227657318115234,1.4681094884872437,-0.30096420645713806,1.1883217096328735,1,1
thumbup,./test/droh_real2d_wristnorm/thumbup/IMG_6943.npy,1,0,0,0.0,0.9999966621398926,-1.5190943479537964,0.21858333051204681,-0.4814985394477844,0.4001678228378296,1,1
thumbup,./test/droh_real2d_wristnorm/thumbup/IMG_6971.npy,1,0,0,0.0,0.9999931454658508,-2.2726383209228516,0.8311513066291809,-0.329598069190979,0.5782037973403931,1,1
thumbup,./test/droh_real2d_wristnorm/thumbup/IMG_7005.npy,1,0,0,0.0,0.9999964237213135,-1.3326486349105835,0.35157206654548645,-0.3911170959472656,0.5295498967170715,1,1
thumbup,./test/droh_real2d_wristnorm/thumbup/IMG_7006.npy,1,0,0,0.0,0.9999971389770508,-0.8394450545310974,1.1185725927352905,0.3774612247943878,0.44734591245651245,1,1
thumbup,./test/droh_real2d_wristnorm/thumbup/IMG_7008.npy,1,0,0,0.0,0.9999951720237732,-1.8999030590057373,0.645325243473053,-0.6986138224601746,0.6990693211555481,1,1
thumbup,./test/droh_real2d_wristnorm/thumbup/IMG_7039.npy,1,0,0,0.0,0.9999827146530151,-6.59301233291626,3.928333282470703,-1.4279841184616089,2.9971280097961426,1,1
thumbup,./test/droh_real2d_wristnorm/thumbup/IMG_7041.npy,1,0,0,0.0,0.9999978542327881,-1.1367067098617554,0.2453896552324295,-0.5035706758499146,0.41359150409698486,1,1
thumbup,./test/droh_real2d_wristnorm/thumbup/IMG_7042.npy,1,0,0,0.0,0.9999973773956299,-1.3383945226669312,0.17570559680461884,-0.6456318497657776,0.4527233839035034,1,1
thumbup,./test/droh_real2d_wristnorm/thumbup/IMG_7074.npy,1,0,0,0.0,0.9999972581863403,-1.0357537269592285,0.17239347100257874,-0.52729332447052,0.3598599135875702,1,1
thumbup,./test/droh_real2d_wristnorm/thumbup/IMG_7263.npy,1,0,0,0.0,0.9999969601631165,-0.7010834813117981,1.4232089519500732,0.5080307722091675,0.4839959740638733,1,1
thumbup,./test/droh_real2d_wristnorm/thumbup/IMG_7326.npy,1,0,0,0.0,0.9999946355819702,-1.7497198581695557,0.9898297190666199,-0.056100595742464066,0.5545318126678467,1,1
thumbup,./test/droh_real2d_wristnorm/thumbup/IMG_7361.npy,1,0,0,0.0,0.9999964833259583,-1.3140565156936646,1.3829864263534546,0.1834806203842163,0.7155803442001343,1,1
thumbup,./test/droh_real2d_wristnorm/thumbup/IMG_7384.npy,1,0,0,0.0,0.9999970197677612,-0.9685577750205994,0.044640883803367615,-0.5189013481140137,0.3023231327533722,1,1
thumbup,./test/droh_real2d_wristnorm/thumbup/IMG_7453.npy,1,0,0,0.0,0.9999962449073792,-0.7899298071861267,1.073695421218872,0.40688633918762207,0.43391960859298706,1,1
thumbup,./test/droh_real2d_wristnorm/thumbup/IMG_7487.npy,1,0,0,0.0,0.9999973773956299,-1.166418433189392,0.48567119240760803,-0.37751567363739014,0.5029813051223755,1,1
thumbup,./test/droh_real2d_wristnorm/thumbup/IMG_7556.npy,1,0,0,0.0,0.9999966621398926,-1.2003320455551147,1.2332321405410767,0.33037886023521423,0.647329568862915,1,1
thumbup,./test/droh_real2d_wristnorm/thumbup/IMG_7621.npy,1,0,0,0.0,0.9999969005584717,-1.1638458967208862,0.11934933066368103,-0.5205551981925964,0.4179122745990753,1,1
thumbup,./test/droh_real2d_wristnorm/thumbup/IMG_7622.npy,1,0,0,0.0,0.999997615814209,-1.076934576034546,0.18310964107513428,-0.4653613269329071,0.343687504529953,1,1
thumbup,./test/droh_real2d_wristnorm/thumbup/IMG_7623.npy,1,0,0,0.0,0.9999952912330627,-2.230526924133301,0.36641356348991394,-0.872024655342102,0.7075055241584778,1,1
thumbup,./test/droh_real2d_wristnorm/thumbup/IMG_7727.npy,1,0,0,0.0,0.999997079372406,-0.7270219922065735,1.0199205875396729,0.38364237546920776,0.39979296922683716,1,1
thumbup,./test/droh_real2d_wristnorm/thumbup/IMG_7760.npy,1,0,0,0.0,0.9999969601631165,-0.3711370825767517,1.7630646228790283,0.48232579231262207,0.47194087505340576,1,1
thumbup,./test/droh_real2d_wristnorm/thumbup/IMG_7787.npy,1,0,0,0.0,0.9999972581863403,-1.2080893516540527,1.3699301481246948,0.2868807911872864,0.6333394646644592,1,1
thumbup,./test/droh_real2d_wristnorm/thumbup/IMG_7788.npy,1,0,0,0.0,0.999996542930603,-1.2274764776229858,1.40239417552948,0.3532232940196991,0.6003823280334473,1,1
thumbup,./test/droh_real2d_wristnorm/thumbup/IMG_7789.npy,1,0,0,0.0,0.9999967217445374,-0.9512662291526794,1.7399276494979858,0.3657131791114807,0.6386489272117615,1,1
thumbup,./test/droh_real2d_wristnorm/thumbup/IMG_7790.npy,1,0,0,0.0,0.9999977946281433,-1.0690213441848755,1.3064323663711548,0.30806225538253784,0.6116909980773926,1,1
thumbup,./test/droh_real2d_wristnorm/thumbup/IMG_7860.npy,1,0,0,0.0,0.9999973773956299,-0.8067929744720459,1.338637351989746,0.4027063846588135,0.5384564995765686,1,1
thumbup,./test/droh_real2d_wristnorm/thumbup/IMG_7894.npy,1,0,0,0.0,0.9999966621398926,-1.4973424673080444,1.047653317451477,0.2534215748310089,0.5338296294212341,1,1
thumbup,./test/droh_real2d_wristnorm/thumbup/IMG_8020.npy,1,0,0,0.0,0.9999960064888,-1.6894837617874146,0.9718630313873291,-0.0373009517788887,0.5181320905685425,1,1
thumbup,./test/droh_real2d_wristnorm/thumbup/IMG_8113.npy,1,0,0,0.0,0.9999963045120239,-0.8393679857254028,1.234696388244629,0.43294960260391235,0.5077670216560364,1,1
thumbup,./test/droh_real2d_wristnorm/thumbup/IMG_8117.npy,1,0,0,0.0,0.999997079372406,-0.5401003956794739,1.3985337018966675,0.5036132335662842,0.48614656925201416,1,1
thumbup,./test/droh_real2d_wristnorm/thumbup/IMG_8145.npy,1,0,0,0.0,0.9999964833259583,-1.203924536705017,0.0,-0.4802720546722412,0.3199651539325714,1,1
thumbup,./test/droh_real2d_wristnorm/thumbup/IMG_8146.npy,1,0,0,0.0,0.9999966621398926,-1.3733521699905396,1.1701492071151733,0.1063169315457344,0.6767714023590088,1,1
thumbup,./test/droh_real2d_wristnorm/thumbup/IMG_8148.npy,1,0,0,0.0,0.9999971985816956,-1.008248209953308,1.352710485458374,0.2923240065574646,0.4853987395763397,1,1
thumbup,./test/droh_real2d_wristnorm/thumbup/IMG_8181.npy,1,0,0,0.0,0.9999969005584717,-0.6122434735298157,1.5735478401184082,0.2579912543296814,0.5603160262107849,1,1
thumbup,./test/droh_real2d_wristnorm/thumbup/IMG_8183.npy,1,0,0,0.0,0.9999966621398926,-1.6581953763961792,1.0065115690231323,0.06501615792512894,0.7307235598564148,1,1
